0
1
4
5
6
8
9
10
11
12
14
15
17
20
21
24
27
28
29
31
32
33
34
36
38
41
42
44
47
48
49
50
51
54
59
61
66
67
70
72
75
77
78
79
80
81
82
83
86
87
88
90
91
92
95
97
99
100
101
102
104
107
109
110
111
112
113
118
120
121
123
124
126
130
131
132
134
135
136
137
138
142
143
146
147
148
149
150
151
153
154
156
157
159
161
162
163
164
165
167
169
170
171
173
174
175
176
177
179
181
182
183
184
185
186
187
189
190
195
196
197
198
199
201
202
203
204
205
206
208
209
210
214
215
216
217
221
224
225
226
227
228
231
232
234
235
236
237
241
243
244
245
247
249
250
251
252
254
255
256
257
258
260
261
262
265
266
268
270
272
273
274
276
278
280
282
283
284
286
290
291
292
293
294
295
297
298
299
300
301
303
308
309
310
313
317
318
319
320
321
322
324
327
331
332
333
335
337
338
339
340
341
343
344
345
346
347
348
349
350
351
355
356
357
359
360
363
364
369
372
373
374
375
376
377
378
379
381
382
384
385
386
387
388
392
394
397
399
400
401
402
403
405
406
408
409
413
415
416
417
423
427
428
429
431
434
435
436
438
439
440
441
442
443
444
445
446
448
449
450
451
452
453
454
455
456
457
458
459
461
462
466
467
468
469
470
472
473
480
481
482
483
484
488
491
495
496
501
503
507
508
510
511
512
513
514
517
518
519
520
522
524
525
528
530
531
532
533
535
537
539
540
541
542
543
544
545
547
548
549
551
553
556
557
559
560
561
563
567
569
572
574
576
577
582
583
584
585
586
587
589
590
591
592
593
595
596
597
599
600
601
604
606
608
609
610
612
614
616
617
621
622
623
625
626
627
631
634
636
637
638
639
640
641
642
643
644
645
648
650
652
654
656
658
661
662
664
666
667
670
671
672
673
675
676
677
680
682
683
684
685
687
689
690
691
693
694
695
701
703
705
706
710
713
714
718
719
722
723
724
726
727
729
732
733
734
735
739
741
742
743
744
748
752
753
755
758
759
760
762
763
764
765
767
768
769
770
774
775
776
777
778
780
781
782
785
788
790
791
794
795
796
798
800
801
802
807
810
811
812
814
816
817
818
821
823
824
825
827
829
830
831
833
834
835
836
837
838
841
842
845
846
849
851
853
854
856
858
860
861
863
864
865
867
868
869
870
874
879
880
881
882
884
886
887
890
891
892
893
894
898
902
904
906
908
910
913
914
915
916
918
920
921
924
925
927
930
931
932
934
936
938
940
943
944
947
949
954
955
956
957
959
961
963
964
965
966
969
970
972
975
977
978
979
982
983
985
987
988
989
990
993
994
996
997
998
1001
1002
1004
1005
1006
1007
1008
1010
1014
1015
1016
1017
1019
1023
1024
1025
1026
1028
1029
1030
1032
1034
1037
1038
1039
1040
1042
1045
1046
1048
1049
1050
1053
1057
1059
1061
1062
1064
1065
1066
1068
1070
1074
1077
1081
1088
1089
1090
1091
1092
1093
1096
1097
1098
1099
1101
1103
1104
1105
1106
1108
1109
1110
1116
1117
1118
1119
1123
1124
1125
1128
1129
1131
1133
1134
1135
1136
1137
1140
1144
1147
1148
1150
1152
1154
1155
1162
1163
1164
1167
1170
1171
1172
1173
1176
1177
1179
1181
1183
1184
1186
1187
1188
1190
1191
1192
1193
1194
1195
1196
1199
1200
1202
1203
1205
1206
1207
1211
1212
1213
1215
1216
1217
1222
1223
1226
1229
1231
1235
1236
1239
1240
1241
1242
1247
1248
1249
1250
1252
1254
1255
1256
1262
1266
1267
1268
1269
1270
1272
1276
1277
1278
1279
1280
1281
1282
1283
1285
1286
1287
1288
1289
1290
1291
1294
1295
1297
1299
1300
1303
1304
1305
1306
1307
1308
1309
1311
1312
1313
1314
1315
1316
1319
1322
1326
1328
1329
1331
1333
1334
1336
1337
1338
1343
1345
1346
1347
1349
1350
1353
1354
1355
1356
1357
1367
1368
1369
1370
1371
1374
1375
1376
1378
1379
1381
1382
1383
1385
1386
1387
1388
1389
1391
1395
1396
1397
1401
1402
1404
1408
1412
1414
1416
1417
1419
1420
1424
1425
1426
1428
1432
1433
1434
1435
1436
1437
1439
1441
1442
1443
1445
1447
1449
1452
1453
1454
1459
1460
1461
1462
1464
1466
1467
1469
1471
1472
1475
1476
1477
1479
1480
1481
1482
1483
1484
1487
1488
1491
1492
1493
1494
1495
1497
1498
1499
1500
1501
1502
1503
1506
1507
1508
1512
1514
1515
1516
1517
1518
1520
1523
1525
1529
1530
1534
1535
1538
1540
1542
1543
1547
1548
1550
1554
1555
1556
1557
1558
1559
1562
1566
1567
1568
1569
1571
1572
1573
1574
1577
1578
1579
1581
1582
1583
1584
1585
1588
1589
1591
1594
1599
1600
1602
1603
1604
1606
1607
1612
1613
1614
1615
1616
1617
1619
1621
1622
1623
1624
1625
1626
1628
1630
1631
1632
1634
1635
1637
1638
1639
1640
1641
1643
1644
1645
1646
1648
1649
1650
1654
1655
1657
1659
1661
1663
1664
1665
1667
1670
1671
1672
1673
1674
1675
1676
1677
1682
1684
1686
1689
1690
1691
1692
1693
1694
1695
1696
1697
1699
1701
1702
1703
1704
1705
1706
1709
1711
1716
1718
1720
1721
1722
1725
1726
1727
1728
1729
1730
1732
1733
1734
1735
1736
1737
1739
1740
1741
1744
1745
1747
1749
1751
1753
1755
1756
1757
1758
1760
1762
1763
1764
1766
1767
1768
1769
1771
1773
1774
1775
1776
1780
1781
1782
1783
1787
1788
1789
1791
1792
1794
1797
1798
1800
1803
1804
1805
1808
1809
1810
1812
1813
1814
1817
1818
1819
1821
1823
1824
1825
1827
1829
1831
1833
1834
1835
1837
1838
1841
1844
1846
1847
1848
1849
1852
1856
1857
1859
1860
1861
1863
1864
1865
1866
1867
1869
1870
1871
1874
1875
1877
1878
1880
1884
1885
1888
1889
1890
1892
1893
1894
1897
1900
1903
1905
1906
1908
1910
1912
1913
1914
1915
1916
1917
1918
1921
1924
1926
1927
1928
1929
1930
1932
1934
1937
1940
1942
1943
1944
1947
1951
1952
1953
1954
1955
1958
1960
1962
1963
1964
1965
1966
1967
1968
1969
1970
1974
1976
1977
1979
1980
1981
1982
1984
1985
1986
1988
1992
1993
1994
1995
1997
1999
2000
2004
2007
2008
2009
2010
2012
2013
2015
2016
2017
2018
2019
2020
2021
2022
2023
2029
2031
2033
2036
2038
2041
2042
2043
2045
2046
2047
2048
2049
2051
2053
2054
2055
2062
2063
2066
2068
2070
2072
2077
2078
2079
2080
2082
2085
2086
2088
2090
2091
2092
2093
2094
2095
2097
2098
2099
2100
2102
2103
2105
2107
2108
2109
2110
2111
2113
2115
2116
2118
2119
2120
2121
2122
2124
2125
2127
2128
2130
2132
2133
2136
2137
2138
2139
2140
2141
2142
2144
2145
2146
2147
2148
2149
2155
2157
2158
2159
2161
2162
2165
2167
2168
2176
2178
2180
2181
2182
2183
2185
2186
2190
2191
2196
2198
2199
2200
2202
2203
2204
2206
2207
2210
2212
2213
2214
2216
2217
2218
2219
2220
2221
2222
2224
2232
2233
2234
2235
2236
2237
2238
2239
2240
2241
2244
2246
2247
2248
2249
2250
2252
2253
2254
2256
2257
2258
2259
2260
2261
2265
2266
2271
2273
2277
2279
2280
2281
2282
2284
2285
2286
2287
2288
2290
2292
2293
2294
2295
2297
2299
2300
2302
2305
2307
2308
2309
2310
2311
2312
2313
2314
2315
2316
2320
2321
2323
2325
2327
2330
2331
2332
2334
2335
2337
2338
2341
2342
2344
2348
2351
2352
2353
2355
2356
2358
2360
2363
2365
2368
2371
2373
2375
2376
2379
2381
2383
2384
2390
2391
2392
2394
2395
2396
2398
2399
2400
2404
2405
2407
2411
2412
2413
2415
2416
2417
2420
2424
2426
2427
2430
2432
2433
2434
2435
2436
2437
2440
2442
2443
2445
2446
2447
2448
2450
2452
2453
2454
2456
2459
2461
2462
2463
2465
2467
2468
2469
2470
2472
2474
2476
2477
2478
2479
2480
2482
2484
2487
2488
2489
2490
2492
2494
2495
2497
2498
2503
2505
2512
2513
2516
2517
2518
2519
2521
2522
2523
2524
2525
2526
2529
2530
2532
2533
2535
2537
2538
2539
2540
2541
2549
2550
2551
2553
2555
2557
2558
2564
2565
2568
2569
2572
2575
2578
2580
2583
2587
2588
2589
2591
2592
2593
2594
2595
2596
2597
2598
2599
2605
2607
2608
2609
2610
2612
2613
2614
2617
2618
2619
2620
2621
2623
2624
2627
2629
2633
2634
2638
2640
2641
2642
2644
2645
2646
2650
2652
2654
2655
2657
2658
2659
2660
2661
2663
2664
2665
2666
2668
2669
2673
2674
2675
2676
2678
2685
2687
2689
2693
2694
2696
2697
2700
2701
2704
2706
2707
2708
2709
2710
2712
2714
2715
2717
2722
2723
2724
2725
2727
2728
2730
2731
2732
2733
2734
2735
2739
2745
2746
2747
2748
2749
2754
2755
2756
2757
2758
2759
2760
2761
2763
2764
2769
2771
2772
2773
2775
2777
2779
2784
2787
2788
2793
2795
2798
2799
2800
2806
2808
2809
2810
2812
2814
2817
2818
2822
2823
2824
2828
2830
2831
2832
2833
2834
2836
2838
2839
2840
2842
2843
2844
2845
2851
2853
2854
2855
2857
2858
2860
2864
2865
2866
2868
2870
2871
2872
2873
2875
2876
2877
2878
2879
2882
2884
2885
2887
2890
2891
2892
2893
2895
2896
2897
2899
2900
2901
2902
2904
2907
2909
2913
2914
2916
2917
2918
2919
2920
2922
2923
2924
2925
2926
2927
2928
2929
2931
2932
2937
2938
2939
2940
2942
2945
2946
2947
2949
2952
2953
2954
2955
2956
2957
2958
2963
2965
2968
2969
2971
2975
2976
2977
2978
2980
2981
2982
2988
2989
2990
2992
2995
2996
2997
3000
3001
3003
3005
3006
3007
3010
3011
3012
3014
3016
3018
3019
3021
3022
3024
3028
3030
3031
3033
3035
3036
3039
3040
3041
3043
3045
3046
3048
3049
3051
3053
3054
3055
3056
3057
3062
3063
3066
3067
3068
3073
3076
3077
3078
3079
3081
3085
3088
3089
3090
3092
3093
3095
3096
3098
3099
3100
3102
3105
3106
3109
3110
3111
3113
3114
3115
3117
3118
3119
3120
3121
3123
3124
3125
3128
3130
3132
3134
3138
3139
3144
3145
3146
3147
3148
3150
3152
3156
3157
3158
3159
3160
3162
3163
3164
3166
3167
3170
3171
3172
3174
3175
3178
3179
3180
3181
3183
3184
3185
3186
3187
3188
3192
3193
3195
3196
3198
3200
3202
3203
3204
3208
3209
3218
3219
3220
3221
3231
3233
3234
3235
3238
3239
3240
3241
3243
3244
3245
3246
3250
3253
3255
3258
3260
3261
3262
3263
3266
3267
3271
3272
3273
3275
3276
3277
3278
3279
3280
3283
3284
3285
3287
3288
3289
3293
3297
3299
3300
3301
3304
3305
3306
3307
3308
3310
3311
3312
3314
3315
3316
3319
3320
3322
3323
3325
3327
3330
3332
3337
3338
3339
3340
3343
3345
3346
3349
3350
3352
3353
3354
3355
3357
3358
3359
3365
3367
3369
3372
3375
3376
3377
3379
3381
3382
3383
3384
3385
3387
3388
3391
3392
3394
3395
3396
3397
3400
3402
3403
3407
3408
3410
3414
3415
3416
3417
3418
3419
3420
3421
3422
3425
3426
3427
3429
3431
3432
3433
3435
3436
3437
3439
3440
3441
3442
3445
3446
3447
3448
3449
3450
3451
3453
3454
3455
3456
3458
3459
3460
3461
3463
3465
3467
3468
3469
3472
3473
3474
3476
3477
3478
3484
3485
3486
3492
3493
3494
3496
3497
3503
3506
3510
3512
3513
3514
3515
3516
3518
3519
3523
3526
3527
3528
3529
3530
3533
3534
3535
3538
3539
3542
3544
3545
3548
3549
3550
3551
3554
3555
3560
3561
3562
3563
3565
3566
3567
3568
3569
3570
3571
3572
3573
3575
3576
3577
3578
3582
3584
3585
3587
3588
3589
3590
3591
3592
3596
3598
3601
3604
3605
3607
3608
3609
3610
3611
3612
3614
3616
3619
3622
3623
3624
3626
3629
3632
3634
3635
3636
3638
3639
3640
3642
3643
3644
3645
3646
3647
3650
3652
3655
3657
3659
3660
3666
3667
3668
3669
3670
3671
3675
3677
3678
3679
3681
3682
3684
3685
3687
3690
3692
3693
3694
3695
3696
3697
3698
3699
3705
3706
3708
3709
3710
3711
3713
3714
3715
3716
3717
3718
3719
3720
3722
3723
3724
3728
3730
3731
3732
3734
3735
3736
3738
3739
3741
3742
3743
3745
3746
3749
3750
3753
3754
3756
3757
3758
3760
3761
3763
3765
3766
3769
3770
3773
3775
3778
3780
3782
3784
3785
3786
3787
3788
3790
3791
3795
3796
3798
3801
3804
3808
3811
3813
3815
3816
3817
3819
3822
3823
3824
3826
3827
3828
3830
3831
3834
3836
3837
3842
3843
3848
3850
3851
3852
3854
3856
3857
3858
3859
3860
3862
3864
3865
3866
3867
3870
3874
3875
3876
3877
3878
3879
3880
3882
3884
3885
3889
3890
3893
3894
3896
3897
3899
3900
3904
3905
3910
3912
3913
3915
3916
3919
3920
3922
3923
3924
3927
3929
3930
3934
3935
3936
3937
3938
3939
3940
3942
3944
3945
3948
3949
3950
3956
3957
3960
3963
3964
3967
3969
3971
3973
3975
3977
3978
3979
3980
3983
3984
3986
3987
3988
3989
3990
3991
3992
3995
3999
4000
4003
4005
4006
4007
4009
4011
4014
4015
4018
4021
4022
4024
4025
4027
4028
4029
4030
4032
4033
4034
4035
4036
4040
4041
4042
4043
4044
4045
4046
4047
4049
4052
4053
4054
4055
4057
4058
4059
4060
4061
4062
4063
4065
4067
4069
4070
4071
4072
4074
4075
4077
4079
4080
4081
4082
4083
4084
4085
4087
4089
4092
4094
4095
4098
4100
4101
4102
4103
4104
4105
4108
4110
4112
4116
4117
4119
4121
4122
4123
4125
4130
4131
4132
4133
4135
4137
4138
4139
4141
4142
4146
4149
4151
4152
4157
4158
4161
4163
4165
4167
4168
4169
4170
4171
4173
4174
4175
4177
4179
4180
4181
4182
4184
4186
4189
4190
4191
4195
4198
4202
4203
4204
4205
4206
4207
4208
4209
4210
4211
4212
4213
4215
4216
4217
4218
4222
4223
4224
4225
4228
4230
4232
4236
4239
4240
4241
4242
4244
4245
4247
4249
4250
4251
4255
4256
4263
4265
4266
4269
4273
4276
4278
4279
4280
4281
4282
4285
4287
4288
4289
4290
4291
4292
4293
4295
4296
4298
4300
4302
4303
4305
4307
4308
4310
4312
4314
4318
4319
4320
4322
4324
4325
4326
4328
4329
4330
4331
4332
4333
4334
4335
4337
4338
4339
4340
4342
4343
4345
4346
4347
4348
4349
4350
4355
4356
4357
4358
4363
4364
4367
4368
4369
4370
4371
4373
4374
4377
4378
4380
4385
4388
4389
4393
4394
4397
4402
4403
4404
4405
4408
4412
4413
4414
4416
4418
4419
4421
4422
4423
4426
4428
4430
4431
4432
4433
4434
4438
4439
4440
4441
4442
4443
4445
4448
4450
4451
4453
4455
4456
4459
4460
4464
4466
4469
4471
4474
4478
4480
4481
4482
4488
4489
4490
4492
4493
4494
4498
4500
4502
4504
4505
4506
4507
4508
4509
4511
4515
4518
4522
4523
4525
4526
4527
4529
4530
4531
4533
4534
4537
4538
4540
4543
4546
4547
4548
4550
4554
4556
4557
4558
4559
4560
4561
4566
4567
4568
4569
4570
4574
4576
4581
4582
4584
4585
4586
4587
4591
4592
4593
4595
4596
4597
4600
4602
4607
4608
4609
4610
4614
4615
4616
4617
4618
4621
4622
4625
4626
4627
4629
4630
4631
4636
4638
4639
4641
4642
4645
4647
4649
4650
4653
4656
4657
4660
4662
4663
4666
4667
4668
4669
4671
4674
4675
4677
4678
4679
4680
4682
4683
4684
4685
4687
4688
4690
4694
4696
4697
4698
4699
4700
4701
4702
4703
4704
4705
4708
4711
4713
4714
4716
4717
4718
4719
4721
4725
4726
4729
4730
4733
4735
4736
4739
4742
4743
4744
4745
4750
4753
4755
4756
4759
4760
4761
4762
4763
4766
4769
4770
4771
4772
4773
4774
4776
4778
4779
4780
4784
4785
4786
4788
4789
4791
4792
4794
4797
4798
4800
4802
4804
4806
4810
4811
4814
4815
4817
4818
4820
4822
4823
4824
4825
4828
4829
4831
4833
4835
4837
4838
4841
4842
4844
4845
4848
4849
4850
4851
4852
4853
4854
4858
4861
4862
4863
4865
4867
4868
4870
4872
4873
4874
4876
4877
4878
4882
4883
4884
4885
4888
4890
4892
4894
4895
4897
4898
4899
4900
4901
4902
4903
4905
4906
4908
4909
4910
4911
4912
4915
4917
4918
4923
4925
4926
4929
4932
4936
4937
4938
4939
4940
4941
4942
4943
4946
4948
4949
4950
4951
4952
4953
4954
4958
4959
4960
4963
4964
4965
4966
4967
4968
4969
4970
4973
4974
4975
4977
4978
4980
4982
4983
4984
4986
4987
4988
4990
4991
4992
4996
4997
4998
4999
5000
5001
5002
5003
5004
5005
5007
5008
5009
5010
5011
5012
5015
5021
5023
5024
5025
5026
5028
5029
5033
5034
5035
5036
5037
5038
5039
5040
5041
5042
5043
5044
5045
5047
5048
5049
5050
5051
5054
5056
5059
5060
5063
5066
5067
5068
5071
5072
5073
5076
5077
5078
5079
5080
5083
5084
5089
5090
5092
5094
5095
5098
5099
5102
5103
5104
5105
5108
5113
5115
5116
5119
5120
5121
5122
5124
5126
5132
5135
5136
5138
5139
5141
5143
5144
5145
5146
5147
5148
5149
5150
5151
5153
5155
5157
5158
5159
5160
5167
5168
5169
5170
5172
5173
5175
5176
5177
5179
5180
5183
5184
5185
5189
5190
5191
5192
5196
5198
5200
5201
5202
5203
5205
5208
5211
5212
5213
5217
5219
5220
5221
5224
5226
5227
5228
5230
5232
5235
5238
5239
5240
5241
5242
5243
5244
5245
5246
5247
5248
5249
5251
5256
5257
5258
5259
5263
5264
5265
5266
5267
5268
5269
5271
5272
5273
5274
5276
5277
5278
5281
5283
5284
5287
5290
5293
5294
5298
5299
5300
5301
5304
5305
5306
5307
5311
5313
5314
5315
5316
5317
5318
5320
5323
5325
5327
5328
5329
5332
5333
5334
5336
5337
5338
5339
5341
5342
5343
5344
5345
5346
5348
5350
5351
5354
5362
5366
5369
5371
5373
5374
5375
5376
5377
5380
5381
5382
5384
5385
5388
5390
5392
5394
5395
5396
5397
5399
5400
5401
5404
5405
5406
5408
5409
5410
5411
5412
5414
5417
5419
5420
5422
5423
5424
5425
5426
5427
5428
5431
5432
5433
5434
5435
5436
5440
5441
5442
5445
5446
5447
5449
5450
5451
5453
5457
5458
5461
5462
5464
5468
5470
5471
5472
5473
5477
5479
5481
5482
5483
5486
5487
5488
5489
5490
5491
5492
5493
5498
5501
5502
5503
5504
5506
5507
5508
5509
5511
5515
5516
5517
5519
5521
5527
5530
5531
5533
5534
5536
5538
5539
5540
5541
5543
5544
5545
5547
5548
5549
5550
5551
5556
5557
5558
5561
5565
5567
5568
5570
5571
5572
5573
5574
5576
5577
5580
5581
5582
5586
5587
5588
5589
5590
5592
5593
5595
5597
5601
5602
5604
5605
5606
5607
5608
5611
5612
5613
5614
5615
5616
5618
5619
5620
5621
5623
5625
5627
5630
5631
5633
5634
5635
5636
5638
5644
5645
5646
5647
5650
5652
5654
5655
5656
5657
5658
5659
5660
5666
5667
5669
5670
5672
5673
5675
5681
5683
5684
5686
5690
5694
5696
5698
5699
5700
5701
5702
5705
5707
5709
5713
5714
5716
5717
5719
5721
5722
5723
5724
5725
5727
5728
5729
5732
5734
5736
5738
5740
5742
5744
5748
5749
5750
5752
5754
5755
5757
5758
5759
5762
5763
5765
5766
5767
5770
5772
5775
5776
5778
5781
5782
5783
5784
5786
5787
5788
5789
5791
5792
5795
5796
5798
5799
5800
5801
5803
5804
5806
5807
5810
5811
5813
5816
5817
5820
5825
5827
5829
5830
5834
5835
5838
5839
5840
5844
5845
5846
5847
5848
5849
5850
5851
5852
5858
5860
5861
5862
5863
5864
5868
5870
5872
5874
5875
5877
5880
5881
5882
5884
5886
5887
5888
5890
5891
5892
5894
5895
5900
5904
5906
5908
5911
5913
5915
5916
5919
5921
5922
5925
5926
5927
5929
5930
5931
5933
5934
5936
5940
5943
5944
5945
5947
5950
5951
5952
5953
5956
5958
5959
5961
5963
5964
5965
5966
5968
5970
5972
5973
5974
5976
5977
5979
5980
5981
5983
5984
5985
5986
5988
5989
5990
5994
5995
5997
5998
5999
6001
6002
6004
6005
6007
6008
6010
6012
6014
6015
6016
6017
6021
6022
6023
6024
6026
6029
6034
6035
6036
6038
6043
6050
6055
6057
6058
6064
6065
6071
6072
6074
6075
6076
6078
6080
6085
6087
6090
6092
6093
6094
6095
6096
6100
6101
6102
6103
6105
6106
6107
6117
6119
6121
6123
6124
6125
6126
6127
6128
6133
6137
6138
6139
6141
6144
6145
6146
6148
6150
6152
6153
6154
6156
6159
6160
6164
6165
6167
6168
6170
6171
6174
6175
6176
6177
6178
6179
6180
6181
6182
6184
6185
6186
6187
6190
6191
6192
6193
6194
6195
6197
6200
6201
6202
6204
6205
6206
6207
6209
6211
6212
6215
6216
6218
6220
6221
6222
6223
6224
6225
6230
6231
6233
6234
6237
6238
6239
6241
6244
6245
6246
6250
6253
6255
6257
6260
6261
6262
6265
6267
6268
6269
6270
6277
6278
6280
6281
6282
6283
6285
6290
6293
6295
6296
6299
6300
6302
6306
6309
6314
6315
6317
6318
6319
6323
6324
6325
6326
6327
6330
6331
6332
6333
6334
6335
6337
6338
6341
6345
6348
6350
6351
6352
6353
6354
6356
6357
6358
6359
6361
6362
6363
6364
6366
6367
6368
6372
6374
6376
6378
6380
6381
6382
6383
6385
6388
6389
6393
6394
6395
6397
6398
6399
6400
6401
6402
6403
6405
6407
6414
6416
6417
6419
6422
6423
6424
6425
6427
6428
6431
6433
6434
6435
6436
6439
6440
6444
6446
6448
6449
6450
6451
6452
6453
6455
6458
6459
6460
6461
6463
6465
6468
6470
6472
6475
6476
6478
6479
6480
6484
6485
6487
6489
6492
6495
6496
6497
6500
6501
6502
6504
6507
6508
6510
6511
6512
6513
6515
6517
6518
6521
6524
6527
6528
6529
6530
6532
6535
6539
6541
6542
6543
6545
6546
6547
6548
6551
6553
6554
6556
6558
6559
6560
6561
6563
6566
6567
6568
6570
6575
6576
6577
6578
6582
6586
6588
6590
6591
6594
6595
6596
6598
6602
6604
6605
6606
6607
6608
6612
6613
6614
6615
6617
6619
6622
6624
6629
6630
6633
6634
6635
6636
6637
6638
6639
6640
6641
6642
6643
6644
6646
6647
6648
6650
6651
6652
6653
6655
6656
6658
6659
6660
6661
6664
6665
6666
6668
6669
6670
6674
6676
6678
6679
6681
6683
6686
6688
6689
6690
6691
6692
6694
6697
6699
6700
6703
6705
6706
6707
6708
6710
6713
6718
6719
6720
6722
6728
6730
6731
6732
6736
6737
6739
6740
6741
6743
6744
6745
6746
6747
6748
6750
6751
6754
6755
6757
6758
6760
6763
6765
6767
6768
6770
6772
6773
6774
6776
6777
6782
6783
6784
6785
6790
6792
6793
6794
6795
6796
6800
6802
6803
6804
6805
6807
6809
6810
6812
6815
6816
6817
6819
6821
6823
6830
6831
6832
6834
6837
6838
6841
6842
6843
6844
6846
6848
6851
6852
6855
6856
6858
6859
6862
6863
6864
6866
6867
6868
6869
6870
6875
6876
6877
6879
6882
6884
6885
6887
6889
6891
6896
6897
6898
6900
6901
6902
6906
6907
6908
6910
6912
6914
6915
6919
6920
6922
6923
6924
6928
6931
6933
6935
6938
6940
6941
6942
6943
6944
6945
6952
6955
6956
6959
6961
6964
6967
6968
6969
6970
6971
6973
6974
6975
6978
6979
6981
6983
6984
6987
6988
6989
6991
6995
6996
6997
6998
6999
7001
7002
7005
7007
7008
7009
7012
7013
7016
7018
7019
7020
7021
7022
7023
7025
7026
7027
7028
7030
7031
7032
7034
7036
7037
7038
7039
7040
7042
7043
7044
7045
7046
7047
7053
7056
7057
7058
7059
7060
7061
7064
7068
7070
7078
7079
7082
7083
7084
7085
7088
7089
7090
7092
7094
7098
7099
7104
7107
7110
7111
7113
7114
7117
7118
7120
7121
7122
7124
7125
7126
7128
7130
7131
7132
7133
7134
7135
7137
7139
7140
7142
7144
7145
7147
7150
7152
7153
7155
7159
7162
7163
7164
7168
7169
7174
7176
7179
7180
7181
7183
7184
7185
7186
7188
7189
7190
7193
7194
7196
7197
7199
7200
7201
7202
7203
7204
7205
7206
7207
7209
7211
7212
7215
7220
7221
7222
7223
7224
7225
7226
7227
7230
7233
7234
7235
7238
7239
7242
7243
7244
7245
7248
7249
7250
7251
7252
7253
7255
7256
7257
7261
7263
7264
7265
7266
7270
7271
7272
7273
7274
7276
7277
7278
7280
7281
7282
7285
7286
7287
7288
7289
7292
7293
7296
7298
7302
7305
7306
7307
7308
7309
7310
7311
7312
7313
7315
7318
7319
7320
7322
7324
7327
7328
7330
7335
7338
7342
7343
7345
7348
7349
7350
7351
7352
7353
7354
7355
7356
7358
7360
7362
7364
7365
7367
7369
7370
7372
7373
7374
7377
7378
7380
7383
7385
7388
7389
7392
7393
7396
7397
7398
7400
7401
7402
7405
7406
7407
7408
7409
7410
7411
7412
7413
7415
7416
7421
7423
7424
7426
7428
7429
7430
7433
7434
7435
7437
7438
7439
7440
7441
7443
7445
7447
7448
7453
7456
7458
7461
7462
7463
7466
7467
7472
7474
7475
7478
7479
7481
7482
7484
7485
7486
7487
7490
7492
7495
7496
7500
7502
7504
7505
7507
7508
7509
7512
7514
7516
7517
7518
7519
7520
7521
7522
7523
7524
7526
7527
7528
7529
7530
7531
7534
7536
7538
7540
7541
7542
7543
7545
7548
7553
7554
7555
7556
7559
7561
7562
7565
7566
7570
7571
7573
7575
7576
7577
7578
7581
7582
7584
7586
7590
7591
7592
7593
7594
7598
7599
7603
7609
7612
7614
7615
7616
7618
7619
7620
7621
7622
7623
7625
7627
7628
7632
7633
7634
7637
7639
7640
7642
7643
7644
7645
7647
7648
7651
7652
7653
7654
7655
7657
7658
7659
7660
7661
7662
7665
7667
7668
7669
7670
7672
7673
7679
7680
7682
7683
7684
7685
7686
7688
7689
7690
7691
7694
7695
7696
7697
7699
7701
7702
7703
7704
7705
7707
7708
7709
7710
7712
7715
7718
7719
7720
7721
7722
7724
7725
7727
7729
7730
7731
7734
7737
7738
7739
7740
7742
7746
7747
7748
7749
7751
7753
7754
7755
7757
7759
7760
7764
7765
7766
7769
7770
7771
7774
7775
7779
7780
7781
7782
7783
7785
7790
7794
7795
7796
7798
7799
7801
7802
7808
7809
7810
7811
7813
7814
7816
7817
7818
7819
7820
7821
7824
7825
7826
7828
7829
7830
7836
7838
7840
7841
7842
7843
7844
7845
7849
7850
7851
7852
7856
7857
7859
7860
7861
7866
7867
7868
7870
7871
7872
7873
7875
7877
7880
7884
7887
7889
7890
7891
7893
7894
7895
7896
7898
7899
7901
7902
7903
7905
7908
7911
7912
7913
7914
7916
7920
7928
7930
7933
7934
7937
7938
7939
7941
7943
7944
7947
7948
7949
7950
7953
7954
7957
7958
7959
7960
7963
7964
7965
7967
7968
7974
7975
7976
7977
7979
7982
7983
7986
7989
7990
7991
7993
7994
7995
7998
8000
8003
8005
8006
8008
8009
8010
8012
8013
8017
8018
8019
8020
8021
8023
8024
8026
8027
8029
8030
8034
8035
8036
8037
8041
8044
8045
8046
8048
8052
8053
8055
8056
8059
8060
8062
8063
8065
8066
8068
8069
8070
8071
8075
8078
8079
8082
8083
8084
8086
8089
8090
8091
8093
8094
8095
8096
8097
8099
8100
8101
8102
8103
8104
8105
8107
8108
8109
8114
8116
8119
8120
8121
8122
8123
8125
8126
8127
8129
8130
8131
8133
8134
8135
8136
8139
8143
8144
8145
8147
8148
8149
8150
8151
8154
8156
8158
8161
8163
8164
8165
8166
8167
8171
8172
8173
8177
8178
8179
8182
8183
8184
8186
8190
8191
8193
8194
8195
8198
8200
8201
8203
8205
8206
8207
8208
8210
8214
8216
8218
8219
8220
8224
8226
8227
8228
8229
8231
8233
8235
8238
8239
8242
8243
8248
8249
8250
8252
8255
8257
8260
8262
8264
8266
8271
8273
8274
8278
8280
8287
8288
8289
8290
8291
8293
8294
8296
8297
8299
8300
8305
8306
8308
8311
8312
8314
8315
8316
8317
8319
8320
8322
8325
8326
8328
8329
8332
8333
8334
8337
8342
8343
8345
8346
8349
8351
8353
8354
8355
8357
8358
8360
8363
8364
8368
8370
8372
8373
8374
8375
8376
8377
8378
8390
8391
8392
8393
8394
8395
8396
8397
8399
8401
8402
8403
8404
8405
8407
8410
8412
8413
8416
8419
8420
8422
8423
8425
8426
8427
8428
8431
8432
8434
8435
8436
8441
8444
8445
8447
8452
8456
8458
8459
8462
8463
8464
8465
8467
8469
8471
8472
8473
8475
8476
8479
8481
8482
8483
8484
8485
8486
8487
8488
8489
8490
8491
8492
8496
8497
8498
8501
8503
8504
8505
8506
8508
8509
8510
8511
8512
8513
8517
8521
8522
8523
8525
8527
8528
8532
8534
8535
8540
8541
8542
8544
8545
8546
8547
8550
8551
8554
8555
8556
8557
8559
8560
8561
8563
8565
8567
8568
8569
8570
8572
8573
8574
8575
8576
8577
8579
8583
8584
8586
8587
8588
8589
8591
8593
8595
8597
8598
8600
8605
8606
8607
8608
8609
8611
8612
8613
8614
8615
8617
8618
8621
8623
8625
8626
8627
8628
8629
8630
8632
8633
8635
8636
8639
8641
8642
8644
8647
8648
8650
8651
8652
8653
8654
8655
8657
8659
8660
8662
8663
8665
8667
8668
8669
8670
8673
8676
8677
8680
8681
8682
8683
8684
8685
8686
8687
8688
8689
8695
8696
8697
8702
8703
8705
8706
8708
8709
8711
8712
8715
8716
8718
8719
8720
8723
8724
8726
8727
8728
8730
8731
8732
8733
8734
8736
8737
8738
8739
8743
8746
8748
8749
8750
8751
8752
8756
8757
8758
8760
8762
8763
8764
8766
8768
8770
8771
8774
8775
8777
8778
8779
8781
8782
8784
8785
8786
8788
8789
8790
8791
8792
8793
8794
8795
8796
8798
8801
8803
8804
8806
8807
8808
8809
8811
8812
8813
8815
8817
8819
8820
8821
8822
8823
8825
8829
8831
8832
8835
8836
8839
8840
8841
8842
8846
8847
8848
8849
8851
8852
8853
8855
8856
8857
8859
8860
8863
8865
8866
8867
8869
8872
8875
8876
8880
8881
8882
8884
8885
8886
8887
8888
8889
8892
8894
8895
8897
8898
8899
8901
8903
8905
8906
8910
8911
8912
8913
8914
8915
8916
8917
8918
8919
8920
8921
8923
8924
8925
8928
8930
8932
8934
8935
8937
8938
8939
8941
8942
8943
8944
8945
8946
8948
8949
8952
8954
8955
8956
8957
8958
8959
8963
8964
8965
8968
8969
8970
8972
8974
8975
8976
8981
8982
8983
8986
8987
8988
8991
8992
8994
8997
8999
9001
9002
9004
9007
9008
9009
9010
9012
9015
9020
9021
9026
9027
9029
9032
9033
9034
9035
9037
9039
9040
9041
9043
9044
9047
9049
9050
9051
9052
9053
9056
9057
9059
9060
9062
9063
9064
9065
9066
9068
9069
9070
9071
9074
9075
9076
9077
9078
9080
9081
9085
9088
9091
9092
9093
9094
9095
9096
9097
9099
9101
9102
9103
9104
9105
9106
9109
9110
9111
9114
9115
9117
9120
9123
9125
9126
9128
9129
9131
9132
9135
9138
9139
9141
9142
9143
9144
9145
9147
9149
9150
9151
9153
9154
9155
9156
9157
9160
9163
9164
9165
9167
9168
9170
9171
9172
9173
9174
9176
9179
9180
9181
9182
9183
9186
9187
9188
9189
9190
9191
9192
9195
9197
9200
9202
9203
9207
9210
9211
9212
9213
9215
9218
9219
9220
9222
9224
9225
9226
9227
9230
9233
9235
9238
9239
9241
9244
9246
9248
9249
9252
9255
9256
9259
9262
9263
9264
9266
9267
9268
9269
9271
9272
9273
9274
9276
9277
9278
9280
9281
9283
9287
9288
9289
9290
9292
9293
9294
9295
9296
9297
9298
9300
9301
9303
9306
9308
9309
9310
9313
9314
9315
9317
9318
9319
9321
9322
9323
9324
9325
9327
9328
9329
9330
9331
9332
9335
9337
9338
9339
9342
9343
9344
9345
9346
9348
9350
9355
9357
9358
9360
9362
9364
9365
9366
9367
9370
9371
9375
9381
9384
9386
9388
9390
9394
9395
9398
9399
9400
9401
9405
9407
9408
9409
9411
9413
9414
9415
9416
9417
9418
9421
9426
9428
9434
9435
9440
9441
9443
9444
9445
9447
9450
9451
9456
9457
9458
9459
9460
9461
9463
9464
9465
9466
9467
9470
9472
9474
9475
9476
9477
9478
9480
9482
9483
9486
9488
9490
9491
9492
9493
9496
9498
9499
9500
9501
9502
9504
9505
9506
9509
9510
9512
9515
9516
9517
9519
9520
9522
9523
9524
9525
9526
9527
9528
9530
9534
9535
9536
9537
9540
9541
9543
9545
9548
9552
9553
9554
9557
9559
9562
9563
9565
9567
9569
9571
9572
9573
9574
9575
9576
9577
9578
9581
9582
9584
9585
9586
9587
9590
9593
9595
9597
9598
9603
9605
9610
9612
9613
9618
9619
9621
9622
9627
9630
9631
9632
9633
9634
9635
9636
9638
9640
9642
9643
9646
9647
9648
9650
9651
9652
9654
9655
9656
9657
9658
9659
9660
9662
9668
9669
9673
9674
9675
9676
9677
9678
9679
9680
9682
9683
9684
9686
9687
9694
9696
9697
9701
9702
9703
9704
9706
9707
9708
9713
9714
9715
9716
9718
9720
9722
9724
9725
9726
9729
9730
9732
9733
9736
9737
9738
9739
9740
9741
9742
9744
9746
9747
9748
9751
9752
9753
9755
9756
9757
9758
9760
9762
9763
9765
9766
9767
9769
9770
9775
9777
9778
9779
9780
9781
9782
9789
9791
9792
9794
9795
9797
9799
9802
9803
9804
9805
9806
9807
9808
9809
9810
9814
9815
9816
9818
9819
9820
9821
9823
9826
9827
9829
9831
9834
9835
9836
9837
9838
9839
9844
9845
9847
9848
9851
9852
9853
9854
9856
9857
9858
9859
9860
9863
9866
9867
9868
9869
9870
9871
9872
9874
9875
9876
9877
9878
9880
9881
9885
9886
9887
9888
9889
9890
9891
9893
9896
9897
9898
9899
9902
9903
9905
9906
9908
9910
9911
9912
9914
9915
9916
9917
9918
9921
9922
9923
9929
9932
9933
9934
9936
9938
9939
9941
9942
9943
9945
9950
9951
9952
9955
9956
9957
9959
9960
9961
9962
9963
9964
9965
9967
9969
9970
9971
9973
9974
9979
9980
9982
9986
9988
9991
9992
9993
9994
9995
9996
9998
