30001
30003
30005
30009
30012
30013
30014
30015
30016
30019
30020
30025
30026
30027
30028
30029
30030
30034
30037
30038
30040
30042
30044
30045
30046
30047
30048
30049
30050
30051
30053
30055
30056
30057
30061
30062
30063
30065
30066
30067
30068
30069
30071
30073
30075
30076
30077
30078
30079
30080
30081
30083
30084
30085
30087
30089
30090
30091
30093
30097
30100
30101
30102
30103
30104
30106
30109
30110
30111
30112
30113
30116
30122
30124
30126
30130
30131
30132
30135
30137
30138
30140
30144
30145
30147
30149
30150
30151
30153
30154
30156
30158
30159
30163
30164
30165
30168
30169
30170
30171
30173
30175
30177
30178
30179
30180
30183
30184
30185
30186
30187
30188
30189
30190
30191
30192
30193
30194
30199
30200
30201
30202
30203
30205
30207
30213
30214
30217
30218
30219
30225
30226
30227
30228
30229
30230
30232
30233
30234
30237
30240
30241
30242
30244
30245
30247
30248
30249
30251
30255
30256
30257
30258
30259
30260
30261
30263
30267
30268
30269
30270
30273
30275
30276
30277
30282
30283
30284
30285
30286
30287
30289
30290
30291
30293
30294
30295
30296
30297
30301
30303
30304
30305
30307
30308
30310
30311
30312
30314
30316
30317
30318
30321
30322
30323
30328
30329
30331
30332
30334
30336
30337
30340
30342
30345
30347
30351
30353
30356
30359
30360
30361
30362
30363
30364
30366
30367
30368
30369
30370
30372
30374
30375
30376
30378
30380
30381
30382
30383
30384
30385
30388
30389
30392
30394
30397
30399
30400
30401
30402
30404
30405
30406
30410
30411
30413
30415
30417
30419
30420
30422
30423
30425
30427
30428
30429
30430
30431
30432
30433
30435
30436
30437
30438
30440
30441
30442
30444
30446
30448
30449
30450
30452
30453
30454
30455
30456
30462
30463
30465
30468
30469
30471
30472
30474
30476
30477
30479
30480
30483
30484
30485
30486
30491
30492
30493
30494
30496
30499
30500
30501
30503
30505
30506
30507
30508
30509
30510
30511
30512
30513
30516
30518
30520
30523
30526
30527
30529
30533
30534
30535
30540
30541
30542
30544
30546
30547
30548
30553
30554
30555
30556
30557
30559
30560
30561
30562
30563
30565
30566
30567
30568
30573
30576
30577
30578
30579
30583
30585
30586
30587
30588
30589
30590
30591
30592
30593
30594
30595
30596
30597
30599
30601
30602
30603
30606
30607
30608
30609
30612
30615
30616
30617
30620
30622
30623
30626
30630
30635
30636
30640
30642
30643
30644
30647
30648
30652
30653
30655
30656
30660
30661
30662
30664
30665
30666
30669
30672
30673
30675
30676
30678
30679
30681
30687
30690
30691
30692
30693
30695
30696
30697
30698
30700
30702
30703
30704
30713
30714
30717
30719
30720
30722
30723
30724
30726
30728
30730
30731
30734
30735
30738
30739
30740
30745
30746
30747
30750
30753
30754
30757
30758
30764
30768
30769
30770
30772
30773
30774
30775
30776
30777
30780
30781
30783
30786
30788
30789
30790
30791
30792
30793
30795
30798
30799
30800
30801
30802
30803
30804
30805
30807
30808
30809
30813
30817
30821
30822
30823
30825
30831
30833
30836
30838
30841
30842
30844
30845
30848
30850
30855
30856
30860
30863
30864
30867
30870
30873
30874
30875
30876
30877
30878
30880
30881
30882
30884
30885
30886
30894
30896
30897
30899
30900
30903
30904
30907
30908
30910
30911
30913
30915
30917
30919
30920
30921
30923
30925
30926
30929
30930
30932
30933
30934
30938
30940
30943
30945
30950
30951
30954
30955
30956
30957
30961
30962
30965
30970
30974
30976
30978
30979
30981
30983
30985
30987
30988
30989
30992
30993
30994
30995
30996
30998
31000
31002
31003
31004
31006
31007
31009
31010
31011
31013
31015
31016
31020
31021
31024
31025
31027
31028
31029
31030
31031
31033
31036
31039
31045
31048
31049
31050
31055
31058
31061
31062
31067
31068
31071
31073
31076
31077
31078
31079
31080
31087
31088
31089
31090
31091
31092
31094
31096
31098
31099
31100
31101
31102
31104
31107
31109
31110
31112
31114
31115
31117
31118
31119
31122
31124
31126
31128
31129
31130
31132
31134
31135
31137
31141
31145
31146
31148
31149
31151
31152
31153
31154
31155
31156
31157
31159
31160
31161
31162
31163
31164
31165
31168
31169
31171
31172
31173
31174
31176
31177
31179
31181
31182
31183
31184
31185
31187
31189
31190
31192
31193
31194
31195
31196
31197
31198
31199
31200
31201
31202
31203
31204
31206
31207
31208
31209
31212
31213
31214
31215
31216
31217
31219
31221
31222
31224
31225
31226
31227
31228
31230
31232
31233
31234
31235
31236
31237
31242
31245
31246
31247
31250
31251
31252
31253
31254
31257
31258
31260
31261
31262
31264
31265
31267
31268
31269
31270
31274
31275
31276
31277
31279
31280
31283
31284
31285
31286
31288
31289
31290
31291
31293
31295
31296
31298
31299
31305
31306
31309
31310
31311
31314
31315
31316
31317
31318
31320
31321
31323
31324
31325
31326
31328
31329
31330
31331
31332
31333
31334
31337
31338
31339
31341
31343
31347
31352
31353
31354
31355
31358
31359
31361
31364
31365
31366
31367
31368
31370
31372
31374
31378
31379
31385
31388
31390
31395
31396
31397
31399
31400
31402
31403
31404
31410
31411
31413
31414
31415
31416
31417
31418
31419
31421
31424
31425
31426
31427
31428
31429
31430
31433
31438
31439
31442
31444
31445
31446
31447
31448
31450
31451
31452
31453
31454
31457
31458
31459
31460
31461
31462
31467
31469
31470
31474
31475
31476
31478
31480
31481
31483
31484
31485
31487
31488
31490
31492
31495
31496
31497
31499
31500
31502
31505
31513
31516
31519
31522
31523
31524
31526
31527
31528
31529
31536
31539
31548
31550
31551
31552
31553
31555
31558
31560
31562
31563
31565
31567
31568
31569
31570
31572
31573
31578
31579
31580
31582
31583
31584
31586
31588
31589
31590
31591
31592
31593
31594
31597
31598
31600
31601
31602
31605
31607
31609
31610
31611
31612
31613
31614
31615
31617
31618
31624
31626
31629
31632
31634
31635
31638
31640
31641
31642
31644
31645
31646
31647
31648
31651
31652
31653
31654
31655
31656
31657
31658
31660
31661
31662
31663
31664
31665
31666
31667
31668
31669
31671
31673
31674
31675
31676
31678
31680
31682
31683
31684
31685
31688
31690
31691
31693
31695
31697
31699
31701
31704
31707
31708
31710
31711
31713
31714
31718
31720
31721
31722
31723
31724
31725
31726
31727
31728
31729
31731
31733
31734
31737
31738
31741
31746
31750
31753
31754
31755
31756
31759
31760
31761
31762
31763
31765
31767
31768
31769
31772
31773
31774
31775
31776
31777
31778
31779
31780
31781
31784
31785
31786
31789
31790
31791
31792
31793
31796
31797
31802
31803
31804
31806
31807
31808
31809
31811
31813
31814
31815
31816
31817
31820
31823
31824
31826
31830
31832
31833
31834
31837
31838
31839
31840
31841
31842
31847
31850
31851
31854
31855
31856
31858
31859
31860
31861
31863
31864
31865
31866
31867
31868
31869
31870
31871
31872
31873
31875
31878
31879
31882
31883
31884
31885
31890
31894
31897
31898
31899
31903
31905
31908
31910
31911
31913
31914
31915
31917
31918
31920
31922
31923
31925
31926
31927
31929
31930
31932
31933
31934
31935
31938
31940
31941
31943
31944
31950
31952
31953
31954
31955
31958
31959
31963
31964
31965
31966
31967
31970
31971
31973
31974
31978
31979
31981
31984
31986
31988
31989
31992
31993
31995
31998
31999
32001
32002
32003
32004
32006
32007
32010
32012
32015
32017
32020
32023
32025
32026
32027
32029
32032
32033
32034
32037
32038
32039
32041
32042
32044
32045
32046
32047
32048
32050
32051
32053
32056
32057
32058
32061
32062
32064
32065
32067
32069
32070
32071
32072
32076
32077
32078
32079
32080
32083
32084
32086
32087
32091
32093
32097
32098
32099
32101
32102
32105
32106
32108
32111
32112
32113
32115
32116
32117
32119
32120
32123
32125
32126
32127
32128
32131
32133
32134
32137
32138
32139
32140
32141
32143
32144
32145
32146
32147
32148
32149
32153
32155
32157
32159
32164
32165
32170
32171
32172
32174
32177
32178
32180
32181
32182
32185
32186
32187
32189
32191
32192
32193
32196
32197
32199
32201
32202
32203
32204
32205
32206
32207
32208
32209
32210
32211
32212
32213
32215
32217
32218
32220
32222
32223
32224
32225
32227
32228
32229
32230
32231
32232
32235
32236
32237
32240
32242
32243
32244
32245
32249
32250
32251
32252
32253
32255
32256
32258
32259
32260
32262
32264
32265
32266
32267
32268
32269
32270
32271
32272
32275
32278
32279
32280
32281
32282
32283
32284
32287
32288
32289
32290
32292
32293
32294
32295
32296
32298
32303
32305
32306
32307
32310
32311
32313
32316
32317
32319
32322
32324
32326
32327
32328
32329
32330
32331
32333
32335
32337
32338
32341
32343
32344
32346
32347
32348
32349
32351
32352
32353
32354
32355
32356
32358
32361
32362
32363
32364
32365
32368
32369
32372
32375
32376
32377
32380
32381
32382
32383
32384
32385
32387
32389
32390
32391
32392
32393
32394
32395
32397
32400
32401
32402
32403
32405
32406
32409
32412
32413
32414
32415
32418
32421
32426
32428
32429
32431
32432
32433
32438
32439
32440
32441
32442
32443
32444
32446
32447
32450
32451
32453
32454
32457
32458
32463
32464
32465
32468
32469
32470
32477
32478
32479
32481
32482
32483
32485
32491
32493
32495
32496
32497
32498
32499
32500
32501
32503
32507
32508
32510
32511
32512
32514
32515
32516
32517
32518
32521
32523
32524
32525
32526
32527
32528
32529
32530
32531
32533
32535
32540
32541
32542
32543
32544
32546
32547
32548
32549
32551
32552
32555
32556
32558
32560
32561
32562
32564
32566
32567
32570
32573
32574
32575
32576
32577
32579
32581
32582
32586
32589
32590
32591
32593
32599
32600
32601
32602
32604
32605
32608
32609
32610
32612
32613
32617
32618
32619
32621
32623
32624
32626
32629
32633
32635
32636
32639
32640
32641
32642
32643
32646
32647
32648
32650
32652
32653
32654
32657
32658
32659
32660
32662
32663
32665
32666
32668
32671
32672
32673
32674
32675
32676
32679
32680
32681
32683
32684
32685
32691
32697
32698
32699
32700
32701
32702
32703
32704
32705
32707
32708
32709
32712
32714
32715
32717
32718
32720
32723
32724
32725
32727
32730
32731
32732
32734
32735
32737
32738
32739
32740
32742
32743
32744
32745
32746
32747
32748
32749
32750
32751
32754
32755
32756
32757
32758
32761
32762
32765
32767
32771
32772
32775
32776
32779
32780
32782
32783
32784
32785
32786
32787
32788
32789
32790
32791
32792
32793
32794
32795
32796
32798
32799
32800
32801
32802
32804
32806
32807
32808
32810
32811
32812
32813
32815
32816
32817
32818
32821
32824
32826
32827
32831
32832
32833
32834
32835
32836
32839
32840
32842
32843
32844
32845
32846
32847
32848
32849
32851
32853
32855
32856
32857
32858
32859
32861
32863
32865
32867
32870
32872
32875
32876
32877
32880
32881
32884
32885
32887
32889
32890
32892
32893
32896
32897
32898
32899
32900
32901
32903
32904
32905
32908
32911
32912
32914
32915
32916
32917
32918
32919
32920
32921
32923
32924
32926
32927
32928
32929
32930
32933
32934
32936
32937
32938
32939
32941
32942
32943
32944
32947
32948
32950
32955
32956
32957
32959
32961
32962
32966
32968
32971
32973
32974
32975
32976
32977
32979
32980
32981
32982
32984
32985
32986
32987
32988
32989
32991
32992
32993
32994
32996
32998
33000
33001
33002
33003
33007
33008
33009
33011
33015
33016
33017
33018
33020
33022
33023
33025
33029
33030
33031
33033
33034
33035
33036
33037
33038
33039
33040
33041
33042
33043
33044
33048
33055
33056
33058
33060
33061
33062
33065
33066
33067
33068
33070
33071
33072
33073
33074
33076
33082
33083
33085
33086
33089
33090
33091
33096
33097
33098
33099
33100
33102
33103
33104
33106
33108
33109
33110
33111
33112
33113
33114
33115
33119
33120
33121
33124
33125
33126
33127
33129
33130
33133
33136
33139
33141
33144
33145
33148
33149
33151
33152
33153
33155
33156
33159
33160
33163
33167
33168
33169
33170
33171
33173
33174
33176
33178
33179
33180
33182
33190
33192
33193
33194
33195
33196
33198
33202
33203
33205
33206
33207
33208
33209
33211
33212
33213
33214
33215
33216
33219
33222
33223
33224
33225
33226
33227
33228
33229
33231
33233
33234
33235
33237
33238
33239
33240
33241
33243
33247
33249
33250
33251
33255
33257
33258
33261
33263
33266
33267
33269
33272
33273
33275
33277
33278
33279
33280
33282
33285
33286
33292
33293
33294
33296
33297
33298
33299
33301
33302
33306
33308
33309
33310
33311
33313
33315
33316
33318
33319
33320
33321
33322
33323
33324
33325
33326
33327
33330
33331
33333
33334
33335
33336
33338
33340
33341
33342
33343
33344
33346
33347
33348
33350
33352
33353
33354
33355
33356
33357
33361
33363
33364
33367
33369
33374
33375
33376
33379
33381
33383
33385
33386
33387
33388
33389
33392
33393
33394
33395
33397
33398
33400
33401
33402
33405
33406
33407
33409
33410
33412
33413
33414
33415
33417
33418
33419
33420
33421
33422
33425
33426
33429
33431
33432
33433
33435
33440
33444
33445
33451
33452
33454
33455
33457
33458
33459
33460
33461
33462
33463
33464
33465
33469
33471
33473
33475
33476
33480
33482
33483
33486
33488
33489
33490
33491
33492
33493
33496
33497
33498
33499
33500
33501
33503
33505
33508
33509
33511
33512
33513
33514
33515
33516
33519
33523
33525
33526
33527
33528
33529
33531
33532
33533
33535
33536
33538
33540
33542
33543
33548
33549
33551
33552
33553
33555
33556
33559
33560
33564
33565
33566
33567
33568
33572
33573
33577
33578
33580
33581
33584
33585
33586
33587
33588
33589
33590
33591
33592
33594
33595
33598
33599
33601
33602
33603
33605
33606
33607
33608
33619
33621
33622
33623
33624
33625
33626
33627
33630
33631
33632
33633
33635
33638
33639
33640
33643
33645
33647
33650
33652
33655
33657
33659
33660
33662
33663
33664
33666
33667
33668
33669
33672
33674
33679
33680
33684
33686
33687
33688
33689
33692
33694
33696
33697
33700
33702
33705
33707
33709
33710
33713
33714
33715
33716
33717
33720
33721
33722
33723
33725
33726
33727
33728
33734
33735
33738
33740
33744
33746
33748
33749
33750
33751
33752
33753
33755
33757
33759
33761
33762
33763
33764
33765
33766
33769
33773
33774
33775
33778
33779
33780
33781
33782
33783
33784
33785
33787
33788
33789
33790
33791
33793
33795
33797
33798
33801
33803
33804
33809
33810
33813
33814
33816
33817
33818
33819
33821
33822
33823
33824
33827
33828
33829
33831
33832
33833
33834
33835
33839
33840
33841
33842
33843
33846
33848
33850
33853
33854
33855
33856
33857
33858
33859
33860
33862
33866
33868
33869
33870
33872
33873
33875
33876
33879
33880
33882
33884
33885
33886
33887
33889
33890
33891
33893
33895
33896
33899
33900
33901
33902
33903
33906
33908
33912
33913
33914
33915
33916
33917
33919
33920
33921
33925
33926
33927
33929
33932
33933
33935
33936
33938
33941
33944
33947
33953
33954
33955
33956
33957
33958
33963
33967
33968
33969
33970
33971
33973
33974
33975
33976
33978
33980
33981
33984
33985
33986
33987
33989
33991
33993
33994
33995
33996
33998
33999
34000
34001
34002
34003
34004
34005
34006
34008
34009
34010
34012
34013
34016
34018
34021
34023
34024
34025
34026
34027
34029
34031
34032
34033
34034
34035
34037
34039
34040
34043
34044
34045
34047
34049
34051
34053
34054
34055
34059
34061
34062
34063
34064
34065
34067
34068
34071
34072
34074
34075
34076
34078
34080
34082
34084
34086
34088
34089
34090
34091
34092
34095
34096
34097
34100
34103
34105
34106
34107
34110
34111
34112
34114
34115
34116
34119
34121
34123
34126
34127
34130
34131
34132
34133
34136
34137
34138
34141
34142
34143
34144
34148
34149
34150
34155
34156
34157
34158
34159
34161
34164
34165
34166
34168
34171
34172
34174
34178
34180
34181
34182
34183
34189
34191
34192
34194
34195
34198
34199
34200
34202
34203
34205
34208
34209
34210
34212
34214
34216
34220
34221
34223
34225
34228
34230
34231
34232
34235
34237
34238
34241
34245
34246
34247
34250
34251
34252
34255
34260
34261
34262
34264
34266
34267
34268
34271
34272
34275
34276
34280
34281
34285
34288
34289
34290
34293
34295
34296
34299
34301
34304
34306
34307
34308
34310
34312
34313
34314
34315
34316
34318
34319
34320
34322
34324
34329
34330
34331
34332
34334
34335
34337
34340
34341
34342
34345
34348
34349
34352
34353
34354
34356
34359
34360
34362
34363
34365
34367
34368
34370
34371
34375
34376
34377
34382
34383
34385
34386
34389
34390
34391
34394
34395
34396
34397
34399
34400
34401
34403
34405
34406
34407
34409
34411
34412
34413
34414
34415
34417
34418
34420
34421
34422
34423
34425
34427
34428
34430
34433
34434
34435
34436
34439
34440
34441
34442
34447
34449
34450
34451
34452
34453
34457
34458
34459
34460
34463
34465
34466
34471
34472
34473
34474
34476
34478
34480
34482
34483
34484
34485
34487
34489
34495
34496
34497
34498
34499
34500
34502
34503
34504
34506
34508
34513
34515
34517
34518
34522
34524
34525
34526
34527
34530
34533
34536
34537
34538
34539
34541
34542
34543
34544
34545
34551
34553
34555
34557
34558
34561
34562
34563
34564
34566
34567
34568
34571
34573
34574
34576
34579
34580
34584
34586
34588
34589
34590
34591
34592
34593
34594
34596
34598
34599
34601
34602
34604
34606
34608
34609
34611
34612
34613
34615
34616
34619
34620
34621
34623
34624
34628
34632
34641
34643
34644
34645
34646
34648
34652
34653
34656
34657
34658
34660
34662
34665
34666
34667
34669
34671
34672
34673
34676
34678
34679
34680
34681
34682
34683
34687
34688
34689
34691
34695
34696
34701
34702
34703
34704
34705
34706
34707
34710
34711
34712
34714
34715
34716
34718
34720
34721
34722
34725
34726
34727
34729
34730
34732
34733
34736
34738
34739
34741
34743
34744
34745
34746
34747
34748
34750
34752
34754
34756
34759
34760
34761
34762
34763
34764
34766
34767
34768
34770
34771
34776
34778
34780
34782
34783
34784
34785
34786
34787
34788
34789
34790
34793
34794
34795
34797
34799
34800
34802
34803
34804
34806
34808
34809
34811
34813
34814
34815
34818
34821
34825
34826
34830
34831
34834
34837
34838
34839
34844
34846
34847
34850
34854
34855
34856
34857
34858
34862
34864
34865
34868
34870
34871
34872
34874
34875
34876
34877
34878
34879
34880
34881
34882
34883
34884
34886
34888
34889
34890
34891
34893
34895
34896
34897
34901
34903
34904
34905
34906
34907
34908
34910
34911
34912
34913
34916
34918
34919
34920
34921
34922
34923
34925
34927
34928
34929
34933
34935
34936
34937
34939
34941
34943
34944
34945
34946
34951
34952
34953
34954
34958
34962
34964
34967
34968
34969
34970
34972
34975
34976
34977
34978
34979
34982
34983
34984
34986
34989
34990
34992
34993
34994
34995
34996
34997
35000
35003
35007
35008
35009
35010
35011
35013
35014
35015
35018
35019
35020
35021
35022
35025
35026
35027
35028
35029
35033
35034
35035
35037
35039
35041
35043
35045
35046
35049
35050
35051
35053
35054
35056
35058
35060
35065
35067
35069
35071
35074
35077
35078
35079
35080
35081
35082
35083
35087
35089
35091
35092
35095
35096
35097
35099
35102
35103
35106
35107
35108
35109
35112
35115
35116
35117
35119
35120
35121
35122
35125
35127
35128
35129
35130
35131
35133
35135
35138
35139
35141
35143
35145
35146
35147
35149
35151
35154
35156
35158
35160
35163
35164
35165
35166
35167
35168
35171
35173
35174
35175
35176
35177
35178
35180
35181
35183
35184
35185
35186
35187
35188
35190
35191
35192
35193
35195
35197
35198
35201
35202
35204
35205
35206
35208
35210
35211
35213
35214
35217
35218
35219
35220
35221
35222
35223
35226
35227
35229
35230
35234
35235
35236
35238
35240
35241
35242
35243
35244
35245
35249
35250
35252
35255
35257
35258
35259
35261
35262
35263
35264
35265
35267
35268
35271
35272
35275
35276
35278
35282
35283
35285
35289
35290
35291
35294
35295
35299
35302
35303
35304
35305
35306
35307
35308
35310
35311
35312
35313
35317
35318
35321
35322
35325
35327
35331
35332
35336
35337
35340
35341
35343
35344
35345
35346
35347
35348
35349
35350
35351
35352
35354
35356
35357
35358
35360
35362
35363
35364
35365
35366
35367
35368
35369
35371
35372
35374
35376
35377
35379
35381
35382
35383
35384
35385
35388
35389
35390
35391
35396
35399
35401
35404
35406
35408
35410
35411
35413
35414
35415
35416
35417
35418
35419
35421
35422
35423
35425
35427
35428
35429
35430
35432
35433
35434
35437
35438
35439
35440
35441
35442
35444
35448
35449
35450
35451
35452
35453
35454
35456
35461
35462
35463
35464
35465
35469
35472
35473
35475
35478
35480
35481
35482
35483
35489
35490
35491
35495
35498
35499
35502
35503
35504
35505
35506
35508
35511
35514
35515
35516
35517
35519
35522
35523
35526
35527
35530
35531
35532
35534
35535
35536
35539
35541
35542
35543
35544
35546
35547
35548
35550
35551
35557
35559
35560
35561
35562
35565
35566
35568
35569
35570
35573
35575
35577
35578
35579
35580
35583
35584
35585
35587
35591
35594
35595
35597
35598
35600
35602
35603
35604
35610
35612
35615
35616
35617
35620
35622
35624
35626
35635
35638
35640
35642
35647
35648
35649
35650
35654
35655
35657
35658
35659
35660
35667
35672
35674
35675
35677
35679
35682
35683
35685
35687
35690
35692
35693
35695
35697
35699
35701
35702
35703
35705
35706
35707
35708
35709
35712
35713
35714
35715
35716
35717
35718
35719
35722
35726
35727
35730
35731
35734
35735
35738
35739
35740
35741
35745
35746
35749
35750
35751
35755
35757
35758
35759
35760
35770
35771
35773
35774
35775
35776
35777
35778
35781
35782
35784
35785
35786
35787
35788
35791
35793
35796
35797
35798
35799
35800
35801
35802
35804
35805
35809
35810
35812
35814
35819
35821
35822
35824
35825
35829
35833
35834
35835
35836
35837
35842
35843
35844
35845
35847
35848
35849
35852
35854
35855
35858
35859
35861
35863
35864
35865
35866
35867
35868
35869
35872
35873
35874
35875
35876
35877
35878
35883
35884
35885
35886
35887
35888
35889
35891
35892
35893
35894
35895
35896
35898
35899
35902
35905
35908
35909
35910
35911
35912
35913
35915
35918
35919
35920
35921
35923
35925
35926
35928
35929
35934
35935
35936
35937
35938
35940
35941
35943
35944
35945
35947
35948
35949
35952
35953
35955
35956
35957
35959
35960
35962
35966
35967
35968
35969
35970
35971
35973
35974
35975
35976
35978
35979
35980
35983
35984
35986
35987
35988
35989
35990
35991
35993
35997
36000
36002
36003
36005
36006
36008
36009
36011
36012
36015
36020
36021
36022
36024
36027
36028
36031
36032
36035
36036
36038
36040
36041
36043
36047
36049
36053
36056
36062
36063
36064
36066
36067
36069
36071
36072
36073
36075
36076
36079
36081
36082
36086
36088
36090
36091
36094
36095
36096
36097
36098
36099
36107
36108
36109
36110
36111
36112
36115
36117
36118
36119
36120
36121
36122
36123
36126
36127
36130
36132
36133
36135
36137
36138
36140
36141
36142
36145
36146
36147
36148
36150
36151
36152
36155
36156
36158
36159
36160
36161
36162
36163
36164
36166
36169
36170
36172
36173
36175
36176
36178
36180
36184
36186
36189
36190
36191
36192
36194
36196
36199
36200
36201
36202
36203
36205
36207
36210
36211
36212
36218
36219
36220
36224
36226
36229
36230
36232
36233
36235
36237
36239
36241
36244
36247
36251
36253
36254
36256
36257
36258
36261
36262
36264
36265
36267
36269
36273
36274
36275
36277
36278
36279
36280
36281
36282
36283
36284
36285
36289
36290
36292
36294
36295
36296
36297
36300
36302
36303
36304
36305
36306
36309
36310
36311
36312
36313
36315
36316
36317
36318
36320
36321
36322
36323
36324
36325
36327
36328
36329
36330
36332
36333
36335
36336
36339
36340
36341
36343
36346
36349
36351
36352
36353
36355
36357
36358
36359
36360
36361
36363
36364
36365
36366
36368
36373
36376
36377
36378
36380
36381
36382
36385
36386
36387
36388
36389
36392
36394
36397
36399
36401
36405
36406
36408
36411
36415
36416
36418
36419
36420
36421
36428
36430
36431
36433
36434
36435
36436
36439
36440
36441
36446
36447
36448
36450
36453
36454
36455
36457
36458
36460
36461
36462
36466
36467
36470
36471
36472
36475
36476
36477
36478
36479
36482
36484
36489
36490
36492
36494
36495
36496
36497
36498
36508
36509
36511
36515
36517
36518
36519
36520
36521
36524
36529
36530
36531
36532
36533
36535
36539
36540
36543
36544
36545
36547
36550
36553
36554
36556
36558
36561
36562
36563
36564
36565
36566
36569
36570
36571
36572
36573
36574
36575
36576
36578
36579
36586
36589
36591
36592
36593
36595
36596
36597
36598
36601
36602
36604
36607
36608
36609
36611
36613
36616
36618
36619
36621
36622
36623
36625
36627
36628
36630
36631
36632
36633
36634
36635
36638
36639
36640
36642
36645
36646
36654
36656
36659
36660
36661
36662
36664
36665
36668
36669
36672
36674
36675
36676
36677
36679
36682
36684
36686
36687
36689
36690
36691
36693
36694
36695
36696
36697
36701
36706
36707
36709
36710
36711
36712
36713
36716
36717
36719
36720
36723
36725
36726
36728
36730
36731
36732
36733
36734
36736
36738
36739
36740
36743
36745
36746
36750
36756
36760
36762
36764
36767
36768
36769
36774
36775
36776
36777
36779
36780
36782
36783
36784
36785
36786
36791
36793
36796
36798
36799
36801
36802
36803
36804
36807
36810
36812
36813
36815
36817
36818
36819
36820
36821
36822
36823
36824
36825
36829
36833
36835
36837
36841
36842
36843
36844
36845
36847
36849
36850
36851
36853
36854
36858
36861
36863
36865
36867
36868
36870
36872
36874
36876
36879
36880
36881
36885
36887
36888
36889
36892
36895
36896
36897
36898
36902
36903
36904
36905
36907
36908
36910
36912
36913
36915
36917
36918
36919
36920
36923
36924
36925
36926
36928
36929
36931
36932
36935
36936
36938
36939
36940
36941
36942
36943
36944
36945
36946
36947
36948
36949
36952
36953
36954
36955
36956
36958
36959
36960
36961
36965
36968
36971
36972
36973
36974
36976
36979
36980
36981
36984
36985
36989
36990
36995
36996
36997
36999
37000
37001
37002
37003
37004
37005
37010
37011
37012
37013
37016
37022
37023
37024
37025
37026
37027
37028
37029
37034
37035
37037
37038
37039
37041
37042
37043
37044
37046
37049
37051
37052
37055
37057
37059
37060
37062
37064
37065
37067
37070
37072
37075
37077
37078
37079
37080
37081
37084
37085
37086
37087
37088
37089
37096
37099
37100
37101
37102
37103
37106
37107
37108
37109
37110
37111
37112
37117
37119
37120
37125
37131
37132
37133
37139
37140
37141
37142
37145
37146
37149
37155
37156
37157
37158
37160
37165
37166
37169
37170
37173
37176
37177
37178
37181
37185
37186
37188
37191
37193
37196
37197
37199
37200
37201
37203
37204
37205
37206
37207
37209
37210
37213
37218
37219
37220
37224
37225
37231
37232
37233
37234
37236
37238
37239
37241
37242
37246
37249
37252
37253
37256
37258
37260
37261
37263
37264
37265
37266
37267
37268
37269
37270
37271
37273
37274
37275
37278
37285
37286
37291
37293
37294
37295
37298
37299
37300
37304
37306
37308
37310
37312
37313
37314
37315
37316
37317
37318
37319
37320
37321
37322
37323
37324
37325
37326
37328
37329
37331
37333
37339
37340
37343
37344
37346
37347
37349
37353
37354
37355
37356
37363
37364
37365
37366
37368
37369
37373
37374
37376
37380
37381
37383
37384
37386
37388
37390
37391
37393
37395
37396
37400
37402
37403
37405
37406
37407
37409
37410
37411
37413
37415
37417
37419
37420
37421
37427
37428
37430
37432
37433
37434
37437
37439
37440
37441
37442
37445
37449
37452
37453
37455
37456
37457
37458
37460
37461
37463
37464
37465
37467
37469
37473
37474
37476
37482
37484
37485
37486
37488
37489
37491
37492
37494
37498
37499
37500
37501
37503
37504
37506
37508
37514
37518
37524
37525
37527
37528
37530
37532
37534
37537
37539
37540
37542
37544
37545
37546
37550
37552
37555
37559
37560
37561
37562
37563
37564
37567
37568
37570
37572
37574
37575
37576
37577
37578
37579
37580
37581
37582
37583
37584
37585
37586
37588
37590
37592
37593
37594
37597
37600
37601
37602
37603
37604
37605
37607
37609
37611
37612
37613
37614
37615
37620
37621
37623
37624
37625
37626
37628
37629
37630
37633
37634
37635
37637
37638
37639
37640
37641
37642
37643
37647
37648
37651
37652
37654
37656
37657
37659
37660
37661
37662
37669
37671
37675
37676
37677
37678
37679
37681
37683
37684
37687
37689
37691
37693
37694
37695
37696
37697
37698
37701
37704
37705
37706
37707
37710
37711
37712
37713
37715
37716
37719
37720
37721
37723
37724
37726
37727
37729
37730
37735
37737
37740
37741
37742
37748
37750
37751
37753
37754
37757
37759
37760
37766
37767
37768
37770
37771
37772
37773
37777
37779
37780
37781
37783
37784
37785
37787
37788
37790
37791
37792
37793
37795
37796
37797
37798
37805
37807
37809
37811
37813
37814
37816
37817
37818
37820
37821
37823
37824
37827
37828
37831
37835
37836
37838
37839
37840
37841
37843
37846
37848
37850
37852
37853
37854
37855
37856
37858
37859
37860
37863
37867
37872
37873
37876
37877
37878
37881
37882
37884
37885
37888
37889
37890
37891
37895
37898
37901
37902
37904
37905
37908
37909
37910
37913
37914
37916
37917
37918
37919
37920
37922
37923
37924
37925
37926
37930
37931
37932
37934
37939
37940
37941
37942
37945
37946
37950
37951
37953
37954
37958
37960
37961
37963
37965
37967
37968
37974
37976
37977
37978
37979
37980
37981
37982
37984
37987
37988
37989
37990
37993
37997
37998
38001
38003
38005
38009
38012
38014
38015
38018
38020
38025
38028
38029
38031
38032
38033
38035
38036
38039
38042
38045
38046
38048
38049
38050
38051
38052
38053
38055
38056
38057
38058
38059
38060
38064
38065
38067
38069
38070
38071
38074
38076
38077
38079
38080
38082
38083
38084
38088
38089
38091
38094
38098
38099
38100
38101
38102
38103
38108
38109
38112
38113
38114
38115
38116
38118
38122
38124
38127
38129
38130
38131
38134
38135
38136
38137
38138
38140
38141
38143
38145
38146
38150
38152
38153
38154
38156
38157
38159
38160
38161
38163
38165
38167
38168
38169
38170
38171
38175
38177
38178
38179
38181
38185
38186
38187
38188
38189
38192
38193
38194
38196
38197
38198
38199
38200
38202
38203
38204
38205
38206
38208
38209
38211
38212
38214
38215
38220
38221
38225
38226
38232
38233
38234
38235
38236
38237
38238
38240
38241
38245
38249
38253
38255
38257
38259
38260
38261
38264
38265
38266
38267
38268
38269
38271
38274
38275
38276
38277
38278
38280
38281
38283
38285
38289
38290
38292
38293
38299
38300
38303
38305
38308
38309
38310
38312
38313
38315
38317
38318
38319
38320
38321
38323
38325
38327
38332
38333
38334
38336
38338
38339
38340
38343
38345
38346
38347
38348
38351
38355
38356
38357
38358
38360
38361
38363
38366
38369
38372
38373
38377
38378
38379
38380
38381
38383
38387
38388
38390
38391
38396
38397
38400
38402
38404
38406
38409
38410
38412
38414
38420
38423
38424
38426
38427
38429
38431
38433
38434
38435
38438
38443
38444
38446
38447
38448
38451
38454
38459
38465
38466
38467
38470
38471
38473
38474
38475
38478
38481
38483
38484
38485
38486
38487
38488
38491
38493
38494
38496
38497
38498
38500
38501
38502
38503
38508
38509
38510
38511
38512
38514
38515
38516
38517
38521
38522
38523
38526
38527
38528
38529
38530
38532
38533
38534
38536
38540
38541
38543
38546
38549
38550
38552
38553
38554
38555
38557
38559
38562
38563
38564
38565
38568
38571
38574
38578
38580
38581
38582
38583
38584
38588
38592
38593
38595
38596
38598
38600
38601
38602
38603
38604
38607
38610
38611
38612
38613
38615
38616
38618
38619
38621
38623
38626
38628
38629
38631
38636
38637
38638
38639
38640
38641
38643
38644
38645
38647
38648
38649
38650
38651
38652
38653
38654
38655
38656
38657
38660
38662
38663
38664
38665
38666
38669
38670
38671
38672
38673
38677
38678
38681
38683
38684
38685
38686
38688
38689
38690
38692
38693
38695
38697
38700
38701
38704
38708
38710
38715
38716
38717
38718
38720
38723
38725
38727
38728
38729
38730
38731
38733
38734
38735
38738
38742
38744
38745
38746
38747
38748
38751
38753
38755
38756
38758
38760
38761
38762
38765
38766
38769
38770
38771
38772
38773
38774
38775
38776
38777
38778
38779
38781
38787
38788
38790
38791
38793
38794
38799
38801
38802
38803
38805
38808
38809
38810
38813
38814
38816
38818
38819
38820
38821
38822
38824
38825
38827
38829
38830
38831
38834
38837
38838
38842
38844
38845
38846
38847
38851
38852
38853
38854
38855
38861
38862
38863
38864
38866
38867
38868
38871
38873
38874
38876
38877
38878
38879
38882
38883
38884
38885
38887
38888
38889
38891
38894
38895
38896
38897
38899
38900
38901
38902
38904
38908
38909
38911
38912
38913
38915
38916
38917
38920
38921
38925
38927
38928
38930
38932
38935
38938
38939
38940
38941
38942
38943
38946
38948
38949
38950
38952
38953
38957
38959
38962
38963
38965
38967
38968
38969
38971
38972
38976
38977
38978
38980
38982
38983
38984
38985
38986
38989
38990
38991
38993
38994
38997
38998
38999
39001
39002
39003
39004
39005
39006
39011
39012
39013
39016
39017
39019
39024
39027
39028
39029
39030
39032
39034
39039
39040
39042
39044
39046
39047
39050
39051
39052
39054
39055
39056
39059
39060
39061
39062
39063
39066
39067
39068
39069
39070
39072
39073
39075
39076
39078
39079
39080
39081
39084
39085
39087
39088
39093
39094
39098
39099
39100
39101
39102
39104
39105
39106
39107
39109
39111
39112
39113
39117
39118
39124
39125
39126
39128
39132
39133
39134
39135
39137
39139
39140
39141
39142
39144
39145
39148
39151
39152
39156
39158
39159
39160
39161
39162
39165
39166
39172
39174
39175
39176
39177
39178
39181
39182
39183
39184
39185
39187
39188
39189
39190
39191
39192
39194
39198
39199
39200
39202
39206
39208
39210
39213
39215
39217
39218
39220
39221
39225
39229
39230
39231
39232
39234
39236
39238
39239
39240
39242
39244
39246
39247
39250
39252
39253
39258
39259
39262
39263
39264
39266
39267
39269
39271
39272
39273
39276
39277
39278
39279
39281
39282
39286
39287
39288
39289
39290
39291
39294
39296
39297
39300
39301
39302
39303
39304
39305
39306
39307
39309
39310
39311
39313
39314
39315
39318
39320
39321
39322
39323
39325
39327
39328
39329
39330
39332
39336
39337
39338
39339
39340
39342
39344
39345
39346
39347
39348
39349
39350
39351
39353
39354
39356
39358
39359
39361
39363
39364
39366
39367
39369
39370
39372
39374
39375
39377
39378
39380
39381
39383
39384
39386
39389
39392
39393
39395
39396
39397
39400
39401
39403
39404
39405
39406
39407
39409
39410
39411
39413
39415
39419
39422
39423
39424
39425
39426
39433
39434
39435
39436
39437
39439
39441
39442
39446
39447
39449
39451
39452
39454
39455
39457
39462
39465
39467
39469
39472
39475
39476
39477
39479
39481
39482
39485
39489
39490
39491
39492
39493
39494
39495
39497
39498
39499
39503
39504
39505
39506
39507
39508
39514
39515
39518
39519
39520
39522
39526
39531
39532
39533
39534
39538
39539
39544
39545
39546
39547
39549
39551
39553
39554
39555
39558
39559
39560
39561
39562
39563
39564
39565
39567
39571
39575
39576
39577
39578
39580
39582
39585
39586
39588
39589
39590
39591
39592
39593
39594
39595
39596
39597
39600
39602
39603
39608
39610
39611
39613
39614
39615
39616
39618
39619
39620
39621
39622
39623
39625
39626
39627
39628
39631
39633
39635
39637
39639
39641
39643
39644
39649
39654
39655
39658
39659
39660
39661
39663
39667
39671
39672
39673
39675
39678
39679
39680
39681
39682
39683
39684
39685
39687
39688
39691
39692
39693
39695
39699
39701
39704
39705
39706
39707
39708
39709
39710
39711
39712
39713
39714
39715
39716
39718
39719
39720
39721
39726
39729
39731
39732
39733
39734
39736
39738
39739
39743
39745
39746
39751
39753
39754
39755
39758
39759
39760
39761
39762
39763
39764
39766
39767
39769
39770
39771
39774
39775
39779
39780
39781
39782
39783
39785
39786
39787
39789
39792
39794
39796
39797
39798
39799
39800
39801
39802
39803
39805
39806
39807
39809
39811
39812
39814
39815
39816
39818
39820
39824
39826
39827
39829
39831
39832
39834
39835
39836
39838
39839
39841
39845
39846
39847
39848
39849
39852
39853
39854
39855
39856
39857
39862
39863
39864
39865
39866
39867
39868
39869
39871
39872
39874
39875
39877
39880
39883
39884
39886
39888
39890
39891
39892
39894
39895
39897
39898
39900
39901
39902
39903
39904
39905
39906
39907
39909
39910
39911
39912
39914
39916
39917
39920
39925
39926
39927
39928
39929
39930
39931
39932
39933
39938
39939
39941
39943
39944
39945
39946
39948
39950
39951
39955
39957
39958
39959
39960
39961
39966
39967
39968
39969
39970
39972
39973
39975
39977
39978
39980
39982
39983
39984
39985
39986
39987
39989
39990
39992
39993
39997
39998
39999
