80000
80001
80002
80003
80004
80005
80006
80008
80010
80011
80012
80013
80014
80015
80017
80019
80022
80024
80027
80028
80030
80031
80032
80033
80034
80035
80036
80037
80038
80040
80041
80042
80043
80047
80048
80050
80051
80054
80055
80057
80062
80063
80065
80066
80067
80068
80069
80072
80076
80079
80080
80085
80086
80087
80088
80091
80094
80096
80097
80099
80100
80108
80109
80112
80113
80114
80115
80117
80122
80125
80128
80132
80133
80139
80141
80142
80145
80146
80149
80151
80152
80153
80157
80159
80160
80162
80163
80164
80165
80167
80168
80169
80174
80175
80176
80177
80181
80184
80186
80187
80188
80189
80192
80193
80194
80197
80200
80201
80204
80206
80207
80208
80209
80211
80214
80215
80218
80220
80222
80224
80225
80228
80231
80233
80234
80235
80236
80238
80240
80242
80243
80244
80246
80247
80248
80249
80251
80252
80253
80256
80257
80258
80259
80260
80263
80264
80265
80268
80273
80275
80278
80281
80284
80286
80287
80288
80289
80290
80294
80295
80297
80299
80301
80302
80306
80307
80308
80309
80310
80311
80312
80313
80316
80318
80321
80322
80326
80328
80331
80333
80334
80335
80336
80337
80338
80339
80342
80344
80345
80347
80349
80350
80351
80352
80358
80362
80363
80365
80371
80372
80375
80379
80381
80382
80383
80384
80385
80387
80388
80393
80394
80395
80400
80401
80402
80404
80410
80411
80412
80415
80416
80419
80421
80422
80424
80425
80426
80428
80429
80430
80431
80433
80434
80438
80439
80442
80444
80445
80447
80448
80449
80453
80454
80455
80456
80458
80461
80462
80463
80465
80468
80469
80471
80473
80474
80475
80477
80478
80480
80481
80482
80483
80484
80485
80486
80487
80489
80491
80493
80495
80496
80498
80499
80502
80503
80504
80508
80509
80512
80513
80514
80516
80517
80518
80522
80526
80528
80533
80535
80536
80538
80539
80540
80541
80542
80543
80545
80547
80548
80549
80550
80551
80552
80558
80559
80561
80562
80563
80566
80567
80568
80570
80575
80576
80578
80580
80583
80584
80585
80588
80591
80592
80593
80595
80597
80598
80599
80603
80605
80607
80611
80613
80615
80616
80621
80624
80626
80627
80632
80636
80638
80639
80641
80642
80644
80646
80649
80650
80652
80653
80654
80656
80658
80659
80660
80662
80664
80666
80667
80668
80669
80672
80673
80676
80677
80679
80688
80690
80693
80694
80697
80700
80701
80702
80705
80707
80710
80712
80714
80715
80717
80720
80724
80726
80733
80736
80738
80739
80740
80742
80743
80744
80745
80746
80748
80751
80752
80755
80759
80762
80763
80765
80766
80767
80770
80773
80777
80778
80779
80781
80784
80785
80787
80789
80790
80791
80792
80793
80794
80795
80796
80799
80800
80801
80802
80803
80804
80805
80807
80809
80810
80811
80812
80813
80815
80817
80818
80821
80822
80824
80827
80828
80829
80832
80837
80838
80839
80841
80842
80843
80845
80847
80853
80854
80857
80865
80866
80868
80870
80871
80875
80876
80879
80881
80882
80884
80885
80886
80887
80888
80889
80890
80892
80895
80897
80898
80899
80900
80901
80903
80904
80906
80907
80908
80909
80911
80913
80917
80919
80920
80921
80924
80925
80926
80933
80935
80937
80939
80940
80941
80945
80946
80947
80948
80949
80950
80954
80955
80956
80957
80958
80960
80961
80962
80963
80964
80965
80966
80967
80969
80970
80971
80972
80973
80975
80976
80977
80981
80984
80986
80987
80988
80989
80991
80993
80996
80997
80998
81003
81008
81009
81010
81012
81013
81017
81021
81022
81023
81026
81027
81028
81029
81030
81036
81037
81039
81040
81041
81043
81046
81048
81049
81050
81051
81053
81056
81057
81058
81059
81060
81064
81065
81066
81067
81068
81069
81073
81077
81078
81079
81081
81082
81083
81084
81085
81087
81091
81095
81096
81097
81099
81100
81102
81103
81104
81106
81107
81109
81111
81113
81114
81115
81119
81120
81122
81124
81125
81130
81132
81134
81135
81138
81139
81141
81142
81144
81147
81150
81154
81156
81157
81158
81159
81160
81161
81163
81164
81165
81166
81169
81170
81171
81172
81173
81175
81177
81180
81181
81183
81184
81188
81189
81190
81191
81192
81193
81194
81195
81198
81199
81202
81203
81204
81206
81207
81208
81209
81210
81213
81215
81222
81223
81224
81226
81227
81228
81229
81233
81234
81237
81239
81242
81244
81245
81246
81247
81248
81249
81250
81251
81254
81257
81258
81259
81260
81263
81265
81267
81269
81271
81272
81273
81274
81276
81277
81278
81280
81282
81284
81285
81286
81287
81288
81290
81291
81292
81294
81296
81297
81298
81299
81300
81302
81304
81305
81306
81307
81308
81310
81312
81313
81317
81318
81319
81323
81326
81327
81329
81330
81332
81333
81334
81336
81338
81339
81340
81341
81344
81347
81349
81350
81351
81355
81357
81359
81367
81369
81370
81371
81372
81374
81375
81376
81378
81380
81382
81385
81386
81387
81388
81390
81391
81392
81396
81399
81400
81401
81402
81403
81404
81406
81407
81408
81409
81411
81412
81413
81414
81415
81416
81417
81418
81419
81420
81421
81422
81425
81430
81433
81435
81436
81437
81440
81441
81442
81445
81446
81448
81450
81451
81452
81455
81458
81459
81460
81461
81464
81469
81471
81472
81473
81475
81476
81477
81479
81481
81482
81483
81486
81487
81489
81491
81493
81494
81496
81497
81500
81501
81502
81504
81506
81507
81509
81512
81514
81515
81516
81517
81519
81520
81522
81523
81529
81531
81533
81534
81536
81538
81539
81540
81541
81543
81546
81549
81550
81551
81552
81557
81560
81562
81564
81565
81567
81569
81570
81571
81573
81577
81578
81579
81582
81585
81586
81588
81590
81591
81594
81596
81597
81598
81600
81601
81602
81603
81604
81606
81609
81611
81612
81615
81616
81618
81619
81620
81621
81625
81626
81630
81631
81633
81637
81639
81645
81647
81648
81649
81652
81654
81657
81660
81661
81662
81663
81665
81666
81668
81671
81673
81674
81675
81677
81679
81682
81686
81690
81691
81692
81693
81694
81695
81696
81697
81700
81701
81702
81703
81706
81707
81708
81710
81711
81712
81713
81715
81717
81718
81719
81720
81721
81722
81723
81726
81727
81729
81731
81732
81736
81737
81738
81739
81740
81741
81742
81745
81746
81747
81750
81751
81754
81756
81759
81760
81761
81762
81763
81764
81765
81768
81769
81774
81776
81780
81781
81782
81784
81785
81786
81787
81788
81790
81792
81793
81795
81796
81798
81799
81802
81803
81806
81807
81808
81810
81816
81817
81819
81824
81825
81828
81829
81831
81835
81836
81837
81841
81843
81845
81846
81847
81849
81850
81851
81852
81853
81854
81855
81856
81858
81860
81861
81863
81864
81866
81871
81872
81874
81876
81877
81878
81881
81882
81883
81887
81889
81891
81893
81895
81896
81897
81899
81900
81903
81905
81907
81908
81909
81913
81914
81915
81916
81919
81920
81922
81923
81926
81927
81929
81930
81932
81933
81937
81939
81940
81945
81946
81947
81950
81951
81952
81955
81956
81958
81959
81962
81963
81964
81966
81968
81969
81971
81972
81973
81974
81975
81976
81979
81981
81982
81983
81985
81986
81988
81989
81991
81993
81994
81995
81998
82000
82003
82005
82006
82008
82009
82011
82013
82015
82016
82020
82022
82023
82027
82028
82029
82030
82031
82032
82033
82034
82036
82037
82038
82039
82040
82041
82042
82043
82044
82045
82048
82049
82050
82052
82053
82059
82060
82062
82063
82064
82065
82066
82069
82072
82075
82077
82078
82079
82080
82081
82082
82083
82085
82086
82087
82088
82089
82090
82091
82092
82094
82096
82098
82100
82105
82106
82108
82109
82111
82114
82117
82118
82119
82121
82124
82125
82126
82131
82133
82134
82137
82138
82139
82141
82143
82144
82145
82147
82151
82153
82154
82158
82161
82163
82164
82166
82167
82168
82169
82170
82173
82179
82183
82184
82185
82188
82189
82190
82191
82192
82194
82198
82199
82200
82201
82202
82203
82208
82209
82210
82211
82212
82213
82214
82215
82216
82217
82226
82227
82228
82231
82235
82236
82237
82241
82242
82243
82244
82247
82248
82250
82253
82254
82255
82256
82257
82261
82262
82264
82266
82272
82274
82277
82278
82279
82280
82281
82282
82283
82286
82287
82288
82289
82290
82292
82293
82294
82295
82296
82298
82299
82300
82302
82303
82304
82305
82306
82307
82308
82310
82311
82312
82313
82314
82316
82317
82319
82320
82321
82323
82327
82328
82329
82330
82331
82332
82333
82338
82341
82342
82343
82345
82346
82347
82348
82349
82351
82352
82353
82357
82359
82360
82361
82362
82363
82364
82365
82366
82367
82369
82370
82371
82372
82373
82374
82375
82376
82378
82380
82383
82384
82385
82388
82391
82392
82395
82401
82403
82405
82406
82407
82408
82410
82411
82412
82413
82414
82415
82416
82418
82419
82420
82421
82422
82423
82424
82426
82427
82430
82431
82433
82434
82436
82437
82439
82442
82443
82448
82449
82450
82452
82453
82454
82456
82457
82459
82460
82461
82463
82464
82465
82466
82468
82470
82472
82473
82475
82477
82478
82480
82481
82484
82485
82487
82488
82490
82492
82494
82497
82498
82500
82502
82503
82504
82505
82508
82509
82514
82515
82516
82517
82519
82520
82521
82522
82523
82525
82526
82527
82530
82532
82533
82534
82535
82537
82538
82539
82546
82549
82550
82551
82553
82555
82557
82560
82562
82564
82565
82566
82569
82570
82571
82572
82577
82578
82579
82580
82581
82582
82585
82586
82587
82589
82590
82591
82593
82594
82596
82598
82599
82601
82602
82604
82606
82607
82610
82612
82614
82615
82616
82622
82624
82626
82627
82628
82630
82634
82635
82637
82638
82639
82640
82642
82644
82645
82646
82647
82648
82650
82653
82655
82656
82658
82659
82663
82664
82668
82670
82671
82672
82674
82675
82676
82678
82680
82681
82682
82685
82687
82689
82690
82691
82693
82695
82698
82699
82701
82702
82703
82704
82705
82706
82707
82708
82709
82711
82715
82718
82719
82720
82721
82724
82726
82727
82728
82730
82731
82733
82735
82736
82737
82738
82739
82740
82741
82742
82744
82745
82747
82748
82749
82753
82755
82757
82758
82760
82761
82762
82763
82764
82767
82768
82770
82772
82773
82774
82776
82777
82778
82779
82780
82782
82783
82785
82787
82788
82789
82791
82792
82793
82797
82799
82800
82803
82805
82807
82808
82809
82810
82811
82812
82813
82814
82815
82816
82818
82820
82821
82823
82824
82826
82827
82832
82835
82836
82837
82838
82839
82840
82841
82842
82844
82846
82847
82848
82849
82850
82851
82852
82853
82854
82857
82858
82860
82861
82862
82863
82864
82867
82868
82870
82873
82875
82878
82879
82882
82887
82888
82891
82893
82897
82898
82899
82901
82909
82911
82913
82914
82917
82919
82920
82921
82922
82923
82924
82929
82931
82932
82934
82936
82937
82938
82940
82942
82943
82944
82945
82946
82947
82952
82953
82954
82955
82957
82959
82963
82965
82966
82968
82971
82972
82974
82976
82979
82980
82982
82983
82987
82988
82989
82992
82993
82994
82996
82997
82998
82999
83001
83002
83007
83008
83009
83010
83012
83013
83014
83016
83018
83019
83020
83021
83022
83023
83028
83029
83031
83032
83033
83034
83035
83036
83040
83041
83043
83044
83045
83047
83048
83049
83050
83051
83053
83054
83058
83059
83060
83061
83063
83064
83066
83068
83071
83076
83078
83079
83081
83082
83083
83084
83085
83087
83090
83091
83095
83097
83098
83100
83102
83103
83104
83110
83111
83114
83115
83117
83118
83120
83123
83124
83125
83126
83128
83132
83133
83134
83137
83140
83141
83144
83146
83147
83148
83149
83150
83151
83152
83153
83154
83160
83161
83163
83165
83171
83173
83174
83175
83176
83178
83179
83180
83183
83186
83189
83190
83195
83196
83198
83199
83202
83205
83206
83210
83211
83212
83213
83214
83229
83230
83231
83234
83235
83236
83240
83241
83243
83247
83248
83249
83250
83252
83254
83255
83256
83257
83258
83259
83260
83261
83263
83264
83265
83266
83268
83269
83270
83271
83272
83273
83274
83275
83276
83277
83278
83279
83280
83281
83283
83284
83285
83290
83292
83293
83294
83297
83299
83301
83304
83305
83306
83307
83309
83311
83314
83315
83316
83322
83324
83325
83327
83328
83332
83333
83334
83335
83336
83337
83338
83339
83340
83341
83342
83344
83346
83347
83348
83349
83351
83352
83353
83354
83356
83357
83358
83359
83362
83363
83364
83365
83367
83372
83373
83374
83376
83378
83384
83385
83388
83389
83390
83392
83393
83395
83396
83398
83399
83401
83406
83407
83410
83411
83412
83413
83414
83415
83416
83417
83418
83419
83420
83421
83422
83423
83426
83429
83433
83434
83436
83437
83439
83440
83441
83442
83446
83451
83452
83453
83455
83459
83461
83462
83463
83465
83467
83468
83469
83470
83471
83472
83473
83477
83480
83481
83482
83486
83487
83488
83489
83490
83491
83492
83494
83497
83504
83507
83510
83511
83512
83513
83516
83520
83522
83523
83528
83529
83531
83532
83533
83535
83536
83537
83541
83545
83546
83551
83552
83553
83554
83555
83556
83557
83558
83565
83571
83572
83573
83574
83576
83577
83579
83580
83581
83583
83584
83585
83586
83591
83593
83598
83602
83603
83605
83607
83608
83609
83611
83612
83615
83620
83621
83623
83625
83632
83633
83635
83636
83639
83640
83642
83643
83644
83647
83650
83651
83652
83653
83657
83659
83660
83662
83664
83665
83667
83668
83671
83674
83675
83676
83678
83679
83682
83683
83685
83686
83688
83690
83693
83694
83695
83696
83698
83700
83701
83703
83706
83709
83712
83713
83715
83716
83717
83720
83721
83722
83725
83727
83730
83731
83735
83736
83737
83739
83740
83743
83746
83749
83750
83752
83753
83754
83755
83758
83763
83764
83767
83768
83771
83772
83773
83775
83776
83778
83780
83782
83786
83789
83790
83791
83792
83793
83794
83797
83799
83800
83801
83802
83803
83804
83807
83809
83810
83811
83813
83814
83815
83816
83818
83819
83820
83821
83823
83824
83826
83828
83829
83832
83834
83835
83838
83839
83845
83846
83848
83851
83852
83853
83854
83856
83857
83859
83861
83862
83863
83864
83865
83868
83870
83872
83873
83874
83875
83878
83879
83880
83881
83883
83884
83890
83893
83894
83895
83896
83898
83901
83902
83905
83906
83907
83908
83911
83912
83913
83914
83915
83916
83917
83918
83919
83920
83921
83923
83925
83926
83927
83928
83931
83933
83934
83935
83936
83937
83938
83940
83941
83942
83945
83947
83949
83950
83952
83954
83955
83956
83957
83958
83961
83962
83963
83964
83965
83967
83971
83974
83975
83976
83979
83981
83982
83983
83984
83986
83987
83988
83994
83995
83996
83997
83998
84000
84002
84004
84007
84009
84011
84012
84013
84014
84015
84016
84017
84020
84022
84023
84024
84026
84027
84028
84029
84031
84032
84035
84036
84037
84038
84039
84040
84041
84043
84045
84047
84049
84050
84051
84052
84055
84056
84057
84060
84063
84064
84065
84066
84067
84069
84072
84073
84074
84077
84080
84081
84082
84084
84087
84088
84089
84092
84093
84096
84102
84103
84105
84106
84109
84110
84112
84115
84118
84119
84122
84123
84125
84128
84130
84132
84133
84134
84136
84137
84140
84141
84142
84144
84145
84147
84148
84149
84150
84151
84153
84154
84159
84160
84161
84162
84163
84165
84167
84169
84171
84172
84174
84177
84179
84180
84181
84182
84183
84187
84188
84190
84191
84192
84194
84196
84197
84199
84201
84202
84203
84205
84209
84210
84211
84212
84213
84214
84215
84216
84218
84219
84220
84222
84224
84225
84226
84227
84228
84229
84230
84231
84232
84233
84235
84237
84242
84243
84245
84246
84247
84251
84253
84255
84256
84258
84261
84263
84265
84266
84267
84268
84272
84274
84276
84277
84281
84282
84283
84284
84285
84287
84288
84291
84292
84294
84295
84297
84298
84299
84302
84304
84305
84310
84313
84315
84316
84317
84318
84319
84322
84323
84325
84327
84328
84331
84333
84334
84336
84341
84342
84344
84349
84353
84355
84358
84359
84365
84366
84373
84375
84376
84377
84379
84380
84381
84382
84383
84384
84385
84386
84388
84390
84391
84392
84393
84394
84395
84396
84397
84398
84399
84402
84403
84405
84406
84407
84408
84409
84411
84412
84414
84415
84416
84419
84421
84422
84423
84424
84425
84426
84427
84428
84429
84432
84433
84434
84435
84438
84439
84440
84444
84445
84447
84448
84449
84450
84451
84454
84455
84457
84458
84460
84461
84463
84464
84466
84467
84470
84471
84472
84473
84475
84476
84477
84479
84480
84481
84482
84486
84487
84489
84491
84492
84494
84495
84498
84499
84501
84502
84504
84507
84510
84512
84514
84516
84517
84519
84520
84521
84522
84523
84525
84526
84527
84530
84532
84534
84537
84538
84539
84541
84544
84546
84547
84549
84550
84553
84557
84558
84560
84561
84565
84566
84568
84569
84572
84573
84574
84577
84578
84579
84583
84588
84590
84591
84592
84593
84594
84597
84603
84604
84606
84611
84614
84616
84617
84621
84622
84623
84625
84626
84627
84628
84629
84630
84631
84633
84635
84636
84637
84643
84646
84648
84649
84650
84652
84654
84655
84657
84658
84660
84662
84663
84665
84666
84667
84669
84670
84672
84674
84676
84678
84680
84681
84684
84688
84689
84690
84692
84693
84694
84695
84699
84702
84703
84704
84707
84709
84711
84712
84714
84715
84717
84718
84719
84720
84721
84722
84723
84724
84725
84726
84727
84728
84729
84731
84733
84734
84736
84737
84739
84740
84741
84742
84743
84746
84747
84748
84751
84752
84753
84754
84756
84757
84758
84759
84760
84761
84762
84763
84764
84765
84766
84768
84769
84770
84771
84773
84775
84776
84777
84778
84779
84780
84784
84785
84786
84787
84788
84789
84790
84793
84794
84796
84797
84799
84800
84802
84804
84805
84806
84807
84808
84810
84812
84814
84815
84816
84819
84821
84822
84823
84825
84828
84831
84836
84837
84838
84839
84840
84842
84843
84847
84849
84851
84854
84855
84856
84857
84858
84859
84861
84863
84864
84865
84866
84868
84870
84873
84876
84878
84879
84880
84882
84885
84886
84887
84889
84890
84891
84892
84893
84894
84895
84897
84899
84900
84901
84902
84903
84905
84907
84909
84911
84915
84916
84917
84920
84922
84923
84924
84925
84926
84927
84928
84930
84931
84934
84935
84936
84937
84939
84940
84941
84943
84944
84946
84947
84948
84949
84951
84952
84956
84958
84962
84964
84966
84967
84970
84971
84973
84974
84976
84978
84980
84981
84983
84984
84985
84988
84989
84991
84992
84993
84995
84996
84999
85000
85001
85002
85003
85004
85005
85007
85008
85009
85010
85011
85012
85013
85017
85018
85019
85020
85028
85029
85030
85031
85033
85034
85038
85039
85041
85043
85045
85048
85050
85053
85054
85055
85056
85059
85060
85061
85065
85066
85068
85069
85070
85071
85072
85073
85074
85075
85078
85079
85080
85081
85082
85083
85084
85085
85086
85089
85090
85091
85093
85096
85097
85098
85102
85106
85107
85108
85109
85110
85112
85113
85116
85117
85118
85120
85124
85127
85128
85130
85131
85134
85139
85141
85142
85145
85147
85149
85151
85153
85154
85156
85158
85159
85160
85161
85164
85165
85172
85173
85174
85176
85177
85178
85180
85181
85184
85186
85190
85192
85193
85194
85195
85197
85202
85204
85205
85206
85208
85209
85210
85212
85213
85214
85215
85216
85218
85220
85222
85225
85226
85227
85228
85234
85235
85239
85240
85241
85242
85243
85244
85245
85246
85247
85249
85253
85254
85257
85258
85259
85264
85265
85268
85272
85273
85276
85277
85278
85279
85281
85282
85284
85286
85287
85288
85292
85293
85294
85295
85297
85298
85301
85303
85304
85305
85306
85307
85308
85309
85310
85311
85312
85313
85316
85317
85318
85320
85321
85322
85324
85325
85327
85328
85329
85330
85331
85335
85336
85338
85340
85342
85344
85346
85348
85349
85350
85353
85354
85356
85360
85362
85367
85370
85371
85372
85373
85374
85376
85379
85380
85383
85384
85385
85386
85388
85389
85390
85393
85394
85395
85396
85397
85399
85403
85405
85408
85409
85411
85414
85416
85421
85422
85423
85424
85426
85429
85432
85434
85435
85438
85439
85441
85443
85446
85447
85449
85450
85452
85454
85456
85457
85458
85459
85460
85465
85468
85471
85472
85473
85475
85476
85477
85478
85479
85481
85482
85483
85489
85491
85493
85495
85498
85500
85501
85502
85506
85508
85510
85514
85517
85518
85519
85521
85522
85524
85526
85527
85528
85529
85530
85532
85533
85536
85540
85542
85543
85544
85546
85550
85551
85552
85553
85554
85556
85559
85560
85561
85562
85564
85565
85567
85572
85576
85577
85580
85581
85582
85584
85586
85587
85589
85590
85591
85594
85599
85603
85605
85606
85607
85608
85618
85622
85623
85625
85626
85627
85628
85629
85630
85634
85635
85636
85637
85639
85640
85641
85642
85645
85648
85649
85651
85652
85653
85654
85656
85659
85660
85661
85665
85667
85668
85669
85671
85675
85676
85677
85678
85680
85681
85684
85685
85686
85687
85689
85690
85693
85694
85695
85696
85697
85700
85701
85702
85704
85705
85706
85710
85711
85715
85717
85718
85719
85720
85721
85722
85724
85726
85728
85731
85733
85734
85735
85736
85738
85739
85740
85742
85745
85746
85747
85749
85750
85751
85753
85754
85755
85756
85758
85759
85760
85762
85764
85765
85766
85767
85768
85769
85773
85774
85775
85776
85777
85778
85780
85781
85782
85783
85785
85786
85788
85789
85790
85791
85793
85794
85796
85797
85798
85799
85801
85802
85804
85806
85807
85808
85811
85812
85817
85818
85819
85820
85821
85824
85825
85829
85831
85832
85833
85834
85837
85841
85842
85843
85844
85846
85850
85851
85853
85854
85855
85857
85858
85861
85863
85868
85869
85871
85872
85876
85879
85883
85885
85887
85888
85891
85896
85898
85899
85901
85902
85903
85905
85906
85908
85909
85910
85911
85912
85913
85915
85921
85922
85923
85924
85925
85926
85927
85929
85930
85931
85934
85935
85937
85939
85941
85944
85946
85947
85948
85951
85954
85956
85957
85960
85961
85963
85964
85965
85966
85969
85970
85972
85974
85975
85976
85979
85981
85983
85985
85987
85989
85990
85993
85995
85996
85998
86002
86003
86004
86006
86007
86008
86009
86010
86011
86013
86016
86018
86019
86021
86024
86026
86028
86032
86033
86036
86038
86039
86040
86042
86044
86047
86048
86049
86050
86052
86053
86054
86055
86060
86062
86063
86064
86065
86067
86068
86070
86071
86072
86073
86074
86075
86076
86077
86078
86079
86080
86081
86083
86084
86087
86088
86090
86092
86093
86094
86096
86099
86100
86102
86104
86105
86106
86107
86108
86111
86112
86116
86118
86119
86120
86121
86125
86127
86128
86131
86132
86133
86139
86141
86142
86143
86144
86146
86148
86152
86155
86157
86161
86163
86165
86166
86167
86170
86172
86174
86175
86177
86178
86179
86180
86182
86183
86186
86188
86189
86190
86192
86194
86197
86200
86202
86203
86206
86207
86208
86209
86211
86212
86213
86215
86220
86222
86225
86226
86227
86229
86232
86233
86235
86238
86239
86240
86241
86242
86243
86244
86245
86247
86248
86249
86251
86252
86256
86258
86262
86263
86266
86267
86269
86270
86271
86273
86277
86278
86280
86282
86284
86286
86287
86288
86290
86292
86293
86296
86298
86301
86302
86306
86307
86308
86309
86310
86311
86312
86313
86315
86316
86317
86318
86319
86321
86322
86324
86325
86326
86328
86330
86333
86337
86338
86339
86341
86342
86343
86344
86345
86346
86348
86354
86355
86356
86357
86358
86367
86369
86370
86372
86376
86377
86379
86380
86381
86383
86384
86385
86387
86389
86390
86391
86392
86394
86396
86397
86398
86399
86403
86405
86406
86407
86408
86409
86411
86417
86420
86421
86424
86426
86427
86428
86429
86430
86431
86432
86433
86435
86436
86437
86438
86439
86442
86444
86445
86446
86449
86450
86451
86452
86454
86456
86460
86462
86465
86466
86471
86472
86473
86475
86476
86477
86478
86479
86480
86481
86482
86483
86484
86485
86487
86488
86491
86492
86494
86496
86499
86500
86501
86503
86505
86510
86511
86514
86516
86518
86521
86522
86524
86526
86527
86528
86530
86531
86534
86536
86537
86540
86544
86545
86546
86547
86548
86549
86550
86551
86552
86554
86555
86556
86557
86558
86560
86561
86562
86564
86565
86566
86568
86569
86573
86574
86575
86576
86577
86580
86581
86585
86586
86587
86591
86592
86593
86594
86595
86597
86598
86600
86601
86602
86603
86604
86605
86606
86607
86610
86611
86612
86614
86616
86619
86620
86621
86623
86624
86626
86627
86629
86631
86632
86634
86635
86636
86640
86641
86643
86644
86645
86647
86648
86649
86650
86652
86653
86657
86658
86659
86660
86661
86662
86664
86665
86668
86671
86672
86674
86676
86677
86680
86681
86682
86683
86684
86686
86687
86688
86689
86692
86693
86694
86697
86698
86702
86704
86706
86707
86709
86711
86713
86715
86716
86717
86720
86723
86724
86726
86728
86731
86732
86735
86738
86741
86742
86743
86747
86750
86754
86755
86756
86757
86759
86763
86768
86771
86786
86787
86788
86791
86794
86795
86796
86798
86799
86800
86801
86802
86805
86807
86809
86810
86811
86812
86814
86816
86817
86818
86820
86822
86825
86826
86828
86829
86830
86831
86832
86834
86835
86836
86838
86839
86841
86843
86844
86846
86847
86848
86849
86850
86851
86852
86857
86858
86860
86861
86863
86864
86865
86866
86867
86869
86870
86871
86872
86878
86879
86880
86881
86882
86887
86888
86890
86891
86892
86893
86894
86895
86901
86902
86904
86905
86906
86908
86909
86910
86911
86915
86919
86920
86923
86924
86926
86927
86928
86930
86931
86933
86935
86937
86938
86940
86941
86951
86952
86953
86956
86958
86961
86962
86963
86964
86965
86966
86968
86969
86970
86972
86973
86976
86981
86982
86984
86985
86986
86987
86988
86989
86992
86993
86994
86995
86996
86997
86998
87001
87004
87005
87006
87007
87008
87010
87011
87012
87014
87016
87018
87021
87022
87023
87025
87026
87027
87028
87029
87032
87035
87036
87038
87039
87045
87046
87047
87048
87050
87051
87052
87056
87062
87063
87064
87065
87067
87068
87070
87071
87073
87077
87078
87082
87083
87084
87086
87088
87090
87092
87093
87096
87097
87098
87101
87102
87105
87106
87107
87108
87109
87112
87116
87117
87118
87120
87121
87123
87127
87128
87129
87130
87131
87132
87133
87134
87135
87136
87137
87139
87141
87142
87143
87144
87145
87147
87148
87151
87152
87154
87156
87157
87162
87163
87164
87165
87166
87167
87171
87173
87174
87175
87179
87180
87181
87182
87183
87185
87188
87189
87190
87192
87193
87194
87195
87198
87199
87202
87205
87208
87211
87213
87214
87216
87219
87220
87222
87223
87224
87225
87226
87228
87230
87232
87233
87236
87237
87238
87243
87244
87247
87248
87249
87251
87253
87254
87256
87257
87261
87262
87263
87266
87269
87271
87272
87275
87276
87277
87278
87279
87280
87281
87282
87284
87285
87286
87287
87288
87290
87291
87293
87295
87296
87297
87298
87300
87301
87304
87306
87308
87309
87310
87312
87316
87317
87318
87321
87322
87323
87325
87326
87329
87332
87333
87334
87335
87336
87337
87340
87341
87342
87343
87344
87345
87346
87347
87348
87351
87353
87354
87357
87361
87362
87363
87364
87366
87367
87368
87369
87370
87371
87374
87376
87378
87379
87380
87381
87382
87383
87384
87389
87390
87393
87395
87396
87398
87399
87405
87406
87407
87408
87409
87410
87411
87412
87413
87414
87415
87416
87417
87418
87420
87422
87426
87427
87428
87429
87430
87434
87437
87438
87439
87440
87449
87450
87452
87453
87456
87457
87459
87461
87463
87464
87465
87468
87469
87471
87472
87474
87475
87476
87479
87481
87482
87484
87485
87486
87488
87490
87491
87492
87494
87495
87496
87498
87499
87500
87501
87502
87503
87504
87507
87508
87511
87514
87515
87518
87519
87523
87524
87525
87528
87530
87531
87532
87534
87535
87536
87539
87542
87543
87544
87547
87549
87551
87553
87555
87561
87562
87563
87565
87567
87569
87570
87571
87572
87573
87574
87575
87577
87578
87579
87580
87583
87585
87588
87591
87592
87593
87594
87596
87600
87604
87606
87607
87609
87610
87611
87614
87615
87617
87618
87621
87624
87626
87627
87628
87629
87630
87632
87633
87634
87635
87637
87638
87641
87647
87648
87652
87654
87655
87658
87661
87662
87665
87666
87668
87670
87671
87672
87673
87676
87680
87681
87682
87683
87684
87685
87686
87687
87689
87690
87691
87692
87693
87694
87695
87696
87698
87699
87700
87701
87703
87706
87709
87711
87712
87714
87715
87716
87719
87722
87725
87726
87729
87731
87735
87736
87738
87739
87740
87744
87745
87746
87747
87751
87756
87759
87760
87762
87764
87765
87771
87772
87774
87775
87777
87779
87780
87781
87782
87784
87785
87790
87791
87792
87793
87795
87797
87798
87799
87802
87803
87805
87806
87808
87809
87812
87814
87815
87816
87817
87818
87819
87822
87824
87825
87826
87828
87830
87831
87832
87833
87836
87839
87840
87841
87842
87844
87846
87847
87848
87849
87851
87855
87856
87857
87858
87859
87861
87863
87864
87866
87867
87868
87869
87870
87871
87873
87875
87878
87881
87882
87888
87889
87890
87891
87892
87899
87900
87901
87905
87906
87908
87911
87913
87915
87916
87917
87920
87921
87922
87923
87924
87926
87927
87928
87930
87931
87933
87934
87937
87938
87939
87940
87941
87943
87944
87945
87946
87947
87949
87950
87951
87954
87955
87956
87957
87960
87963
87964
87965
87966
87968
87970
87973
87974
87981
87982
87983
87985
87986
87987
87989
87990
87991
87994
87995
87996
87997
87998
88000
88001
88002
88010
88012
88014
88016
88017
88018
88019
88021
88022
88025
88027
88029
88031
88034
88035
88038
88039
88041
88043
88045
88046
88048
88049
88052
88053
88055
88060
88062
88063
88066
88068
88070
88071
88072
88073
88075
88076
88077
88079
88080
88081
88082
88083
88085
88086
88088
88092
88093
88095
88096
88097
88098
88099
88100
88102
88104
88106
88107
88109
88114
88115
88116
88118
88119
88120
88121
88122
88123
88125
88126
88128
88130
88132
88133
88134
88135
88137
88138
88139
88140
88143
88144
88145
88148
88149
88151
88152
88153
88154
88155
88156
88157
88159
88160
88161
88162
88163
88164
88165
88167
88169
88170
88171
88174
88175
88177
88178
88180
88183
88184
88185
88186
88188
88189
88190
88191
88192
88194
88195
88199
88200
88201
88202
88205
88206
88207
88208
88209
88210
88214
88215
88220
88224
88226
88228
88229
88230
88234
88235
88236
88237
88238
88239
88240
88241
88243
88246
88249
88250
88252
88253
88254
88255
88256
88257
88258
88259
88260
88262
88263
88264
88265
88266
88267
88268
88273
88278
88279
88281
88282
88283
88284
88286
88289
88294
88296
88299
88300
88302
88303
88304
88305
88306
88307
88308
88311
88315
88318
88321
88322
88323
88324
88325
88327
88328
88329
88332
88334
88336
88339
88340
88341
88342
88345
88351
88353
88355
88358
88359
88360
88361
88363
88365
88366
88369
88370
88371
88373
88374
88376
88377
88379
88380
88382
88383
88386
88388
88390
88391
88392
88393
88394
88400
88401
88404
88405
88406
88407
88409
88410
88412
88415
88416
88417
88421
88423
88426
88427
88428
88429
88431
88432
88435
88436
88437
88438
88440
88441
88443
88445
88448
88449
88450
88451
88452
88456
88458
88459
88460
88462
88464
88467
88468
88473
88474
88475
88476
88477
88482
88483
88484
88485
88487
88488
88489
88490
88491
88492
88494
88498
88500
88502
88504
88505
88507
88509
88511
88512
88514
88515
88516
88518
88519
88524
88525
88527
88528
88530
88532
88533
88534
88536
88537
88538
88540
88541
88542
88543
88544
88547
88549
88550
88551
88552
88553
88554
88555
88556
88557
88559
88561
88563
88564
88565
88566
88567
88568
88569
88571
88572
88573
88574
88576
88578
88582
88584
88586
88587
88589
88590
88593
88594
88595
88596
88597
88599
88600
88603
88604
88605
88606
88607
88609
88610
88611
88613
88615
88616
88620
88621
88623
88624
88625
88626
88627
88631
88634
88635
88637
88638
88639
88641
88643
88645
88646
88650
88653
88654
88658
88659
88661
88662
88663
88666
88667
88668
88670
88671
88677
88679
88680
88681
88682
88683
88684
88685
88686
88687
88691
88694
88695
88697
88698
88699
88700
88702
88705
88706
88707
88709
88710
88711
88713
88714
88715
88717
88718
88719
88720
88723
88727
88728
88729
88731
88733
88734
88735
88738
88743
88744
88745
88747
88748
88751
88753
88756
88757
88762
88764
88766
88767
88770
88774
88775
88776
88778
88779
88780
88781
88783
88784
88786
88790
88791
88792
88794
88795
88796
88797
88798
88799
88801
88802
88807
88813
88815
88817
88820
88821
88822
88823
88824
88825
88826
88827
88828
88829
88830
88831
88832
88833
88834
88835
88838
88843
88845
88849
88850
88851
88852
88853
88854
88855
88856
88857
88859
88863
88866
88867
88868
88869
88870
88871
88873
88874
88878
88880
88882
88883
88884
88885
88886
88887
88889
88892
88893
88895
88897
88900
88901
88902
88903
88904
88905
88909
88911
88912
88913
88914
88915
88916
88917
88919
88920
88921
88922
88923
88925
88926
88928
88936
88937
88938
88939
88941
88943
88947
88949
88950
88952
88953
88954
88955
88957
88960
88966
88967
88969
88970
88971
88972
88974
88975
88978
88982
88984
88986
88989
88990
88991
88993
88994
88995
88996
88997
88998
89001
89002
89003
89004
89005
89006
89007
89008
89010
89011
89013
89015
89016
89019
89021
89022
89024
89027
89029
89031
89035
89036
89039
89041
89042
89044
89047
89049
89052
89054
89055
89057
89058
89062
89064
89065
89066
89069
89070
89072
89075
89076
89077
89078
89082
89084
89086
89089
89090
89091
89092
89093
89095
89097
89098
89099
89100
89105
89106
89107
89108
89110
89112
89114
89115
89117
89118
89121
89123
89127
89128
89133
89134
89135
89136
89138
89140
89141
89145
89146
89147
89151
89152
89153
89154
89155
89156
89158
89159
89160
89162
89163
89164
89165
89166
89170
89174
89176
89177
89178
89179
89181
89183
89185
89188
89189
89190
89191
89192
89193
89194
89196
89197
89198
89200
89203
89204
89205
89209
89210
89211
89212
89215
89218
89219
89220
89223
89226
89230
89231
89233
89235
89236
89238
89240
89241
89242
89245
89246
89247
89248
89250
89252
89254
89256
89257
89258
89259
89263
89265
89266
89271
89272
89273
89278
89279
89280
89281
89283
89284
89288
89289
89290
89291
89292
89293
89294
89295
89297
89299
89301
89303
89304
89305
89306
89307
89309
89310
89312
89314
89316
89317
89319
89321
89324
89327
89329
89333
89336
89337
89338
89339
89340
89341
89343
89345
89346
89347
89348
89349
89350
89355
89364
89365
89366
89367
89368
89369
89371
89372
89373
89377
89379
89381
89382
89383
89386
89389
89391
89393
89394
89395
89396
89398
89400
89401
89405
89407
89408
89410
89411
89415
89417
89419
89421
89422
89423
89424
89425
89427
89428
89429
89430
89431
89432
89434
89438
89443
89445
89446
89447
89452
89454
89455
89458
89461
89462
89463
89465
89467
89468
89469
89470
89472
89473
89474
89477
89478
89479
89481
89482
89483
89484
89485
89488
89491
89492
89493
89496
89498
89499
89500
89502
89503
89504
89506
89508
89511
89512
89514
89515
89516
89517
89519
89521
89522
89523
89525
89526
89527
89528
89530
89531
89533
89534
89540
89542
89544
89545
89548
89552
89555
89556
89560
89561
89562
89563
89567
89569
89573
89575
89576
89578
89579
89580
89581
89582
89584
89585
89588
89589
89590
89594
89595
89598
89599
89600
89601
89602
89604
89605
89607
89608
89609
89610
89612
89613
89614
89616
89617
89618
89621
89622
89623
89624
89625
89626
89628
89629
89631
89633
89635
89639
89641
89642
89644
89645
89646
89647
89649
89651
89653
89655
89660
89663
89666
89669
89670
89673
89674
89676
89679
89681
89682
89683
89686
89689
89692
89695
89696
89697
89701
89702
89704
89705
89706
89707
89709
89711
89713
89714
89715
89716
89718
89720
89721
89722
89723
89725
89727
89728
89729
89730
89731
89732
89733
89734
89735
89736
89739
89740
89743
89744
89745
89747
89748
89750
89751
89753
89754
89755
89756
89759
89760
89763
89764
89765
89766
89767
89768
89775
89776
89781
89782
89783
89788
89789
89791
89794
89795
89797
89798
89803
89809
89811
89813
89815
89818
89820
89821
89822
89823
89824
89825
89826
89827
89832
89834
89838
89839
89840
89843
89845
89848
89849
89852
89853
89856
89859
89860
89863
89864
89866
89867
89869
89873
89874
89875
89876
89878
89879
89880
89881
89884
89887
89888
89889
89890
89891
89892
89893
89894
89898
89900
89901
89902
89903
89905
89907
89908
89910
89911
89914
89915
89916
89918
89920
89923
89924
89925
89929
89932
89933
89934
89935
89936
89937
89938
89941
89942
89943
89945
89950
89952
89953
89954
89955
89956
89957
89958
89961
89962
89964
89970
89971
89974
89976
89979
89980
89983
89984
89985
89990
89993
89996
89997
89999
