70000
70003
70004
70005
70008
70009
70011
70013
70014
70016
70017
70019
70020
70022
70023
70024
70030
70031
70033
70034
70035
70037
70038
70040
70042
70043
70046
70047
70048
70049
70053
70056
70058
70059
70060
70063
70064
70065
70067
70068
70072
70073
70074
70075
70076
70077
70079
70081
70082
70084
70085
70086
70087
70088
70090
70091
70092
70098
70100
70101
70102
70103
70104
70108
70109
70110
70111
70113
70115
70116
70118
70119
70120
70121
70122
70125
70127
70130
70131
70132
70133
70137
70138
70141
70143
70144
70146
70152
70153
70155
70157
70158
70161
70163
70164
70165
70166
70167
70169
70173
70175
70178
70179
70181
70182
70183
70184
70185
70188
70189
70192
70193
70194
70196
70199
70200
70201
70204
70206
70210
70211
70213
70214
70216
70217
70218
70219
70220
70222
70223
70224
70226
70228
70229
70230
70233
70235
70237
70240
70241
70244
70246
70247
70248
70253
70256
70258
70263
70264
70265
70268
70270
70271
70272
70275
70276
70277
70279
70280
70281
70282
70284
70285
70286
70288
70290
70291
70293
70294
70295
70296
70302
70303
70305
70306
70309
70310
70311
70313
70314
70318
70319
70321
70323
70324
70326
70327
70328
70329
70330
70332
70333
70334
70338
70342
70343
70346
70347
70348
70349
70350
70351
70352
70353
70354
70356
70357
70359
70361
70362
70363
70364
70365
70368
70369
70370
70373
70374
70376
70377
70379
70381
70382
70383
70389
70390
70392
70394
70395
70397
70398
70400
70402
70403
70408
70409
70410
70414
70417
70420
70421
70422
70423
70427
70429
70430
70432
70435
70436
70437
70438
70440
70441
70442
70444
70445
70446
70447
70449
70450
70452
70454
70455
70456
70457
70459
70460
70461
70463
70465
70467
70468
70469
70472
70477
70479
70482
70483
70486
70488
70490
70491
70494
70495
70499
70501
70503
70506
70507
70508
70509
70510
70511
70512
70513
70514
70517
70518
70519
70521
70524
70529
70531
70533
70534
70537
70538
70539
70540
70541
70543
70544
70545
70547
70548
70549
70550
70552
70553
70557
70558
70565
70567
70568
70569
70570
70571
70572
70577
70578
70579
70580
70581
70582
70586
70588
70592
70593
70594
70595
70597
70598
70599
70600
70601
70602
70604
70606
70609
70611
70613
70614
70615
70617
70618
70619
70620
70621
70623
70624
70625
70627
70628
70629
70630
70633
70636
70638
70639
70640
70641
70643
70644
70645
70646
70648
70649
70655
70657
70658
70660
70664
70665
70667
70668
70670
70673
70674
70675
70676
70678
70680
70683
70686
70687
70688
70689
70690
70691
70692
70693
70694
70695
70696
70697
70698
70699
70701
70703
70705
70706
70711
70713
70715
70719
70720
70721
70722
70725
70726
70727
70731
70733
70736
70737
70741
70742
70743
70744
70747
70750
70751
70752
70757
70758
70760
70761
70762
70768
70771
70772
70774
70779
70781
70782
70786
70788
70790
70793
70796
70797
70803
70804
70806
70808
70809
70811
70813
70814
70815
70816
70817
70818
70821
70822
70824
70825
70826
70827
70829
70830
70833
70834
70836
70838
70839
70840
70843
70844
70845
70846
70848
70849
70850
70851
70853
70857
70858
70860
70863
70864
70866
70867
70868
70869
70870
70871
70872
70874
70876
70877
70881
70884
70885
70887
70888
70889
70890
70891
70892
70893
70895
70900
70901
70904
70905
70906
70909
70911
70914
70916
70917
70923
70926
70927
70932
70933
70935
70939
70940
70941
70942
70943
70944
70947
70948
70951
70952
70953
70954
70955
70957
70959
70960
70961
70962
70963
70964
70968
70969
70975
70977
70978
70981
70983
70984
70986
70988
70989
70990
70991
70992
70994
70995
70998
70999
71001
71002
71004
71005
71006
71008
71009
71010
71011
71012
71013
71014
71015
71016
71018
71019
71020
71022
71023
71024
71026
71027
71031
71034
71036
71037
71038
71039
71041
71044
71046
71049
71053
71057
71058
71062
71063
71065
71067
71068
71070
71072
71073
71076
71077
71080
71081
71082
71083
71084
71085
71086
71088
71089
71090
71097
71101
71103
71104
71106
71111
71112
71114
71116
71119
71120
71121
71122
71124
71132
71133
71135
71136
71137
71138
71139
71140
71141
71143
71144
71147
71148
71150
71151
71152
71153
71155
71157
71158
71159
71160
71161
71162
71163
71164
71165
71166
71167
71170
71172
71173
71174
71175
71176
71177
71179
71180
71182
71183
71184
71189
71190
71191
71192
71196
71197
71198
71199
71200
71202
71203
71204
71205
71206
71207
71208
71209
71210
71212
71213
71216
71219
71220
71223
71224
71225
71230
71231
71233
71234
71235
71237
71238
71240
71242
71243
71244
71245
71246
71248
71249
71250
71254
71256
71257
71258
71261
71262
71266
71267
71268
71271
71273
71276
71280
71283
71285
71287
71288
71289
71293
71295
71296
71297
71299
71300
71302
71305
71307
71308
71313
71315
71316
71317
71319
71322
71324
71325
71327
71328
71330
71332
71333
71334
71336
71339
71342
71344
71345
71348
71349
71353
71357
71359
71360
71363
71368
71370
71372
71375
71376
71379
71380
71381
71382
71383
71384
71386
71388
71390
71392
71393
71394
71395
71396
71401
71402
71404
71405
71406
71407
71408
71409
71414
71416
71417
71419
71422
71423
71424
71425
71426
71427
71428
71429
71430
71432
71433
71434
71438
71441
71443
71444
71445
71449
71450
71451
71454
71455
71457
71458
71459
71460
71464
71465
71468
71470
71472
71473
71474
71477
71479
71480
71481
71482
71483
71485
71486
71494
71496
71497
71498
71500
71501
71502
71503
71504
71505
71506
71508
71509
71510
71511
71512
71513
71515
71516
71517
71519
71521
71526
71527
71530
71531
71532
71533
71534
71536
71537
71538
71540
71541
71542
71544
71546
71547
71548
71550
71551
71552
71554
71557
71559
71566
71567
71568
71570
71572
71574
71576
71577
71578
71580
71581
71582
71583
71585
71587
71588
71589
71590
71591
71592
71593
71594
71598
71599
71601
71602
71606
71608
71609
71611
71612
71613
71614
71616
71617
71618
71620
71622
71623
71625
71626
71627
71630
71631
71632
71633
71635
71637
71638
71639
71640
71643
71644
71645
71648
71649
71651
71652
71653
71654
71656
71658
71659
71661
71662
71663
71667
71672
71673
71674
71678
71679
71680
71681
71683
71684
71688
71690
71691
71692
71694
71695
71696
71697
71698
71699
71700
71701
71702
71703
71704
71705
71706
71707
71708
71710
71711
71712
71714
71715
71720
71721
71722
71723
71726
71728
71729
71732
71734
71735
71736
71738
71739
71740
71742
71744
71746
71747
71748
71749
71750
71751
71754
71757
71759
71760
71761
71762
71763
71765
71766
71769
71773
71774
71777
71779
71780
71781
71782
71784
71785
71790
71793
71795
71796
71798
71799
71800
71801
71802
71804
71805
71809
71811
71812
71813
71814
71816
71817
71819
71821
71822
71823
71824
71825
71827
71829
71832
71836
71840
71843
71845
71848
71849
71853
71854
71855
71856
71857
71858
71859
71861
71863
71864
71865
71867
71868
71872
71873
71875
71876
71877
71878
71881
71882
71890
71894
71895
71898
71902
71904
71907
71910
71911
71912
71915
71916
71917
71918
71919
71921
71925
71927
71928
71929
71930
71932
71934
71935
71936
71940
71941
71946
71948
71950
71952
71953
71954
71957
71960
71961
71962
71965
71967
71968
71969
71970
71974
71975
71977
71979
71980
71984
71986
71987
71988
71990
71991
71993
71994
71995
71997
72003
72004
72006
72007
72010
72011
72012
72014
72015
72016
72018
72019
72020
72025
72027
72028
72030
72031
72032
72034
72035
72036
72037
72038
72039
72040
72042
72043
72045
72052
72055
72056
72057
72061
72062
72063
72064
72066
72067
72072
72073
72074
72078
72079
72080
72082
72084
72088
72090
72091
72092
72096
72097
72098
72099
72100
72103
72104
72105
72106
72107
72108
72109
72110
72113
72115
72123
72124
72125
72128
72129
72130
72133
72135
72136
72137
72138
72139
72140
72141
72145
72146
72147
72149
72150
72151
72152
72153
72154
72155
72157
72158
72160
72161
72164
72168
72169
72171
72172
72173
72174
72181
72182
72184
72185
72187
72188
72190
72192
72193
72194
72195
72198
72199
72203
72205
72210
72216
72217
72218
72219
72220
72221
72222
72223
72225
72227
72228
72230
72231
72232
72233
72242
72243
72244
72245
72246
72247
72251
72252
72253
72254
72255
72256
72258
72263
72264
72265
72267
72270
72271
72272
72274
72277
72278
72280
72281
72282
72283
72285
72286
72287
72288
72289
72291
72294
72295
72296
72297
72299
72300
72302
72303
72304
72305
72306
72308
72309
72310
72314
72315
72316
72317
72318
72320
72321
72322
72323
72324
72325
72326
72327
72328
72329
72330
72331
72333
72334
72337
72338
72339
72340
72341
72342
72343
72345
72346
72347
72349
72350
72351
72355
72359
72362
72364
72365
72370
72371
72372
72375
72376
72378
72380
72381
72382
72384
72386
72388
72389
72390
72392
72394
72395
72396
72397
72403
72405
72406
72408
72410
72411
72414
72415
72416
72418
72419
72421
72424
72425
72426
72427
72428
72431
72433
72437
72440
72441
72442
72444
72445
72446
72450
72451
72454
72460
72461
72462
72463
72464
72466
72468
72469
72470
72471
72474
72475
72476
72477
72478
72479
72481
72482
72483
72487
72488
72491
72492
72493
72495
72496
72497
72499
72501
72502
72503
72505
72507
72509
72510
72511
72512
72514
72515
72519
72521
72523
72524
72526
72527
72528
72529
72530
72531
72534
72535
72537
72538
72539
72540
72541
72542
72544
72548
72550
72551
72553
72555
72556
72557
72558
72559
72560
72561
72562
72566
72569
72571
72572
72573
72574
72577
72579
72582
72584
72585
72586
72589
72590
72592
72595
72597
72598
72601
72603
72604
72605
72606
72609
72612
72613
72615
72616
72617
72620
72622
72623
72625
72629
72630
72631
72632
72633
72634
72635
72637
72638
72640
72642
72645
72646
72647
72649
72650
72652
72653
72655
72657
72659
72661
72663
72666
72667
72668
72669
72672
72673
72674
72676
72677
72683
72685
72686
72688
72692
72694
72695
72696
72698
72699
72700
72701
72709
72710
72711
72712
72713
72714
72715
72716
72717
72719
72720
72721
72724
72725
72726
72727
72730
72731
72732
72733
72734
72736
72741
72742
72743
72745
72748
72749
72750
72752
72753
72754
72755
72757
72758
72760
72761
72762
72763
72764
72766
72768
72770
72775
72777
72779
72780
72782
72784
72786
72787
72788
72789
72791
72792
72794
72796
72804
72805
72808
72811
72812
72813
72815
72816
72817
72819
72820
72822
72823
72825
72826
72827
72829
72830
72834
72835
72837
72838
72840
72844
72846
72848
72850
72851
72852
72853
72856
72857
72859
72862
72867
72868
72870
72873
72874
72877
72878
72880
72881
72883
72886
72887
72889
72891
72892
72893
72894
72902
72903
72905
72908
72909
72910
72911
72914
72915
72916
72918
72919
72920
72924
72925
72926
72927
72928
72929
72930
72932
72933
72936
72937
72939
72944
72945
72950
72951
72952
72953
72956
72957
72959
72961
72962
72963
72964
72965
72969
72971
72972
72973
72974
72975
72976
72977
72980
72981
72982
72984
72987
72988
72989
72990
72991
72992
72993
72994
72997
72998
72999
73000
73001
73003
73004
73005
73008
73010
73011
73012
73014
73015
73016
73019
73021
73022
73023
73024
73025
73027
73031
73032
73033
73037
73038
73039
73040
73041
73043
73045
73046
73047
73048
73050
73051
73054
73058
73060
73061
73062
73065
73066
73068
73069
73071
73072
73073
73075
73076
73077
73078
73079
73081
73086
73087
73088
73089
73094
73097
73098
73101
73103
73105
73106
73107
73108
73111
73114
73115
73116
73117
73120
73121
73122
73123
73124
73125
73130
73133
73136
73137
73139
73140
73143
73145
73146
73147
73148
73149
73151
73152
73153
73154
73155
73160
73161
73162
73164
73167
73169
73171
73172
73173
73177
73179
73184
73185
73186
73187
73188
73189
73192
73193
73194
73195
73196
73197
73200
73205
73206
73207
73208
73211
73212
73214
73216
73219
73220
73221
73222
73225
73226
73228
73229
73230
73232
73234
73235
73236
73239
73240
73242
73245
73246
73247
73248
73249
73251
73252
73253
73255
73256
73260
73261
73265
73267
73270
73272
73274
73277
73278
73280
73283
73284
73287
73289
73290
73291
73292
73296
73297
73298
73301
73304
73305
73306
73307
73308
73309
73310
73311
73312
73313
73315
73316
73319
73320
73321
73322
73323
73325
73326
73327
73328
73331
73336
73339
73342
73344
73345
73348
73350
73352
73353
73354
73356
73357
73360
73363
73364
73365
73366
73368
73369
73372
73373
73375
73376
73377
73379
73381
73384
73386
73388
73391
73392
73396
73398
73399
73400
73404
73405
73406
73407
73408
73409
73410
73411
73418
73423
73424
73426
73427
73430
73431
73433
73435
73436
73439
73440
73441
73442
73446
73447
73448
73451
73452
73453
73454
73456
73458
73459
73460
73461
73462
73468
73469
73470
73471
73473
73474
73476
73477
73478
73479
73480
73481
73484
73485
73487
73488
73490
73492
73493
73495
73496
73497
73498
73500
73501
73502
73505
73506
73507
73508
73510
73512
73513
73514
73516
73520
73521
73522
73525
73526
73527
73528
73529
73531
73535
73536
73537
73538
73539
73540
73543
73545
73546
73548
73549
73550
73555
73557
73561
73562
73563
73564
73565
73566
73567
73568
73569
73571
73572
73574
73576
73578
73584
73585
73586
73589
73590
73591
73592
73593
73594
73595
73596
73597
73599
73600
73601
73602
73604
73605
73609
73610
73611
73614
73615
73617
73618
73622
73623
73625
73631
73632
73634
73635
73637
73639
73642
73643
73645
73647
73649
73652
73657
73659
73663
73664
73666
73667
73668
73670
73671
73672
73673
73674
73675
73677
73678
73679
73680
73681
73683
73684
73685
73689
73690
73692
73693
73696
73697
73698
73699
73700
73702
73704
73706
73707
73708
73710
73712
73714
73716
73717
73718
73719
73723
73725
73726
73727
73728
73729
73730
73731
73733
73734
73737
73738
73740
73743
73744
73747
73748
73749
73750
73752
73754
73756
73758
73761
73762
73763
73764
73765
73766
73767
73769
73770
73773
73774
73776
73777
73778
73781
73782
73788
73789
73790
73792
73793
73794
73798
73799
73801
73804
73810
73811
73813
73815
73818
73820
73821
73822
73825
73826
73827
73828
73829
73831
73832
73833
73834
73837
73838
73840
73844
73847
73848
73849
73851
73852
73853
73854
73856
73859
73860
73861
73863
73865
73867
73869
73872
73873
73874
73876
73878
73880
73882
73883
73884
73885
73886
73888
73889
73890
73891
73893
73894
73896
73897
73898
73899
73900
73902
73904
73907
73912
73914
73915
73916
73917
73920
73921
73922
73923
73924
73927
73928
73929
73930
73932
73933
73934
73936
73938
73939
73941
73943
73944
73945
73946
73947
73949
73950
73954
73955
73956
73957
73960
73963
73965
73966
73967
73969
73970
73972
73973
73974
73977
73978
73979
73980
73983
73984
73986
73988
73991
73992
73993
73994
73995
73996
73997
73999
74000
74001
74002
74005
74006
74007
74009
74010
74013
74014
74016
74017
74019
74020
74021
74022
74023
74024
74025
74028
74029
74030
74031
74037
74038
74040
74041
74042
74043
74048
74050
74051
74052
74053
74054
74055
74056
74059
74061
74063
74064
74065
74066
74067
74068
74069
74071
74072
74077
74078
74079
74080
74081
74083
74084
74086
74087
74089
74095
74096
74099
74100
74101
74102
74103
74106
74108
74110
74112
74116
74119
74120
74122
74125
74129
74131
74132
74133
74134
74135
74137
74138
74139
74141
74142
74143
74145
74148
74149
74150
74152
74153
74154
74156
74157
74158
74159
74161
74163
74166
74167
74168
74169
74170
74171
74172
74173
74174
74175
74176
74177
74178
74179
74180
74182
74184
74185
74186
74187
74189
74191
74192
74194
74195
74197
74198
74201
74202
74203
74204
74205
74207
74211
74212
74213
74218
74220
74222
74224
74227
74228
74229
74233
74235
74240
74241
74242
74243
74244
74247
74248
74251
74253
74256
74257
74258
74259
74260
74262
74265
74266
74267
74268
74269
74270
74271
74274
74275
74276
74277
74278
74280
74283
74287
74288
74293
74294
74295
74297
74299
74301
74303
74304
74308
74311
74313
74318
74322
74323
74324
74325
74326
74328
74329
74331
74333
74336
74338
74342
74343
74344
74347
74348
74352
74353
74355
74359
74361
74362
74363
74364
74365
74367
74368
74370
74371
74374
74376
74378
74380
74381
74382
74384
74386
74389
74390
74391
74393
74398
74401
74402
74404
74406
74407
74408
74410
74411
74413
74414
74419
74420
74422
74423
74425
74428
74433
74436
74437
74440
74441
74442
74443
74446
74447
74449
74450
74451
74452
74453
74454
74457
74458
74459
74460
74461
74463
74464
74465
74467
74468
74469
74471
74472
74473
74475
74477
74481
74482
74485
74486
74487
74493
74494
74495
74496
74497
74499
74500
74501
74503
74504
74506
74507
74510
74511
74512
74513
74515
74517
74518
74519
74521
74523
74525
74526
74529
74530
74532
74533
74535
74536
74538
74539
74540
74541
74542
74543
74544
74550
74551
74554
74555
74556
74557
74560
74566
74567
74569
74570
74571
74574
74575
74577
74580
74581
74585
74588
74589
74590
74591
74592
74593
74594
74596
74597
74601
74602
74603
74605
74606
74607
74608
74609
74612
74614
74615
74616
74617
74618
74620
74622
74623
74628
74631
74634
74635
74638
74639
74649
74651
74653
74655
74656
74661
74662
74664
74665
74666
74670
74671
74672
74673
74674
74675
74678
74679
74681
74682
74683
74684
74685
74687
74688
74689
74690
74691
74693
74695
74696
74698
74699
74700
74701
74704
74705
74706
74708
74713
74714
74718
74720
74721
74722
74723
74725
74726
74727
74728
74729
74730
74731
74733
74736
74737
74738
74739
74740
74741
74742
74743
74746
74747
74749
74750
74752
74753
74755
74756
74757
74758
74759
74762
74765
74766
74767
74768
74770
74771
74772
74774
74775
74776
74778
74779
74782
74789
74792
74793
74794
74795
74797
74798
74799
74800
74801
74805
74806
74810
74813
74816
74817
74821
74822
74825
74827
74830
74831
74832
74833
74834
74840
74843
74845
74846
74847
74850
74851
74853
74855
74857
74858
74861
74862
74865
74866
74867
74869
74871
74872
74879
74880
74881
74882
74884
74885
74887
74889
74890
74897
74898
74899
74900
74902
74903
74904
74905
74906
74907
74909
74912
74914
74916
74917
74919
74921
74924
74926
74927
74928
74929
74930
74932
74934
74935
74937
74938
74940
74944
74945
74946
74947
74948
74949
74950
74951
74952
74954
74958
74959
74961
74962
74963
74965
74967
74971
74973
74975
74977
74978
74979
74980
74981
74982
74983
74984
74985
74987
74990
74991
74992
74993
74994
74996
74997
74999
75000
75002
75004
75005
75007
75008
75009
75012
75014
75016
75017
75018
75020
75021
75022
75026
75027
75031
75032
75034
75035
75036
75037
75038
75046
75048
75049
75051
75053
75057
75058
75059
75060
75062
75066
75067
75068
75069
75070
75072
75075
75076
75081
75085
75086
75088
75089
75090
75091
75092
75093
75094
75095
75096
75097
75099
75100
75101
75102
75105
75107
75108
75109
75110
75111
75113
75114
75115
75116
75118
75120
75122
75125
75126
75127
75134
75137
75143
75146
75147
75150
75151
75155
75156
75159
75160
75162
75164
75165
75167
75168
75169
75170
75171
75173
75176
75177
75178
75179
75181
75182
75185
75186
75189
75191
75192
75193
75197
75199
75200
75201
75202
75203
75205
75209
75212
75214
75216
75217
75219
75220
75221
75222
75224
75225
75226
75227
75228
75230
75235
75237
75238
75240
75242
75244
75245
75247
75251
75253
75257
75259
75260
75261
75262
75264
75266
75267
75269
75272
75276
75278
75280
75281
75283
75284
75285
75286
75288
75291
75294
75295
75296
75297
75298
75299
75300
75302
75306
75307
75308
75309
75311
75312
75313
75314
75315
75317
75319
75322
75323
75324
75326
75328
75330
75333
75334
75340
75342
75344
75345
75346
75347
75348
75350
75352
75353
75354
75357
75359
75363
75364
75365
75372
75373
75375
75376
75377
75378
75380
75382
75385
75386
75387
75388
75390
75392
75393
75394
75398
75409
75411
75412
75414
75416
75419
75421
75422
75424
75425
75428
75430
75431
75433
75436
75438
75439
75440
75441
75442
75444
75445
75446
75448
75449
75450
75451
75454
75456
75458
75459
75461
75464
75465
75466
75469
75470
75471
75473
75474
75475
75476
75477
75478
75480
75481
75482
75483
75484
75485
75486
75487
75489
75490
75491
75492
75494
75495
75496
75498
75500
75501
75502
75506
75509
75510
75511
75512
75514
75517
75521
75522
75524
75525
75527
75529
75530
75533
75534
75535
75536
75538
75539
75540
75544
75545
75546
75550
75551
75552
75554
75556
75558
75559
75560
75563
75564
75565
75566
75567
75575
75576
75578
75581
75582
75583
75584
75586
75587
75588
75589
75590
75592
75593
75598
75603
75605
75606
75610
75612
75613
75614
75616
75617
75618
75619
75622
75625
75626
75627
75628
75631
75632
75633
75635
75637
75638
75642
75643
75644
75645
75647
75649
75650
75652
75653
75654
75655
75657
75658
75659
75661
75662
75663
75664
75666
75668
75669
75670
75672
75673
75674
75675
75678
75679
75680
75681
75689
75691
75692
75693
75694
75695
75696
75698
75701
75702
75708
75709
75710
75714
75715
75716
75717
75719
75722
75723
75725
75728
75729
75730
75731
75734
75738
75743
75744
75745
75746
75749
75750
75751
75752
75753
75754
75755
75756
75758
75762
75763
75764
75766
75768
75769
75770
75771
75773
75774
75776
75777
75779
75780
75782
75783
75784
75786
75788
75791
75793
75794
75795
75796
75801
75802
75803
75804
75805
75806
75809
75811
75812
75813
75814
75815
75816
75818
75819
75820
75821
75822
75825
75828
75831
75834
75835
75836
75837
75841
75844
75845
75847
75848
75850
75852
75853
75854
75856
75859
75861
75869
75870
75872
75873
75874
75875
75882
75886
75888
75891
75892
75893
75894
75895
75896
75897
75898
75899
75901
75903
75904
75905
75907
75908
75909
75910
75912
75913
75916
75918
75919
75921
75922
75925
75927
75928
75930
75931
75932
75933
75934
75935
75936
75937
75938
75939
75941
75943
75944
75945
75946
75948
75949
75952
75954
75955
75959
75960
75962
75963
75964
75968
75970
75971
75972
75973
75974
75975
75977
75978
75980
75982
75983
75984
75985
75986
75989
75990
75992
75993
75994
75997
76002
76003
76005
76007
76010
76011
76012
76013
76014
76015
76016
76018
76019
76020
76021
76023
76024
76027
76030
76031
76032
76033
76034
76038
76039
76040
76041
76050
76053
76054
76055
76060
76061
76062
76064
76066
76067
76068
76069
76071
76072
76074
76076
76077
76078
76079
76083
76085
76088
76091
76093
76094
76095
76097
76098
76099
76100
76103
76104
76108
76111
76112
76113
76114
76115
76116
76118
76119
76120
76121
76123
76124
76127
76128
76129
76131
76134
76135
76136
76137
76138
76140
76142
76144
76146
76148
76149
76151
76153
76154
76155
76156
76158
76163
76164
76166
76167
76168
76170
76171
76172
76174
76175
76176
76177
76182
76185
76186
76188
76189
76190
76191
76192
76194
76195
76197
76199
76200
76203
76204
76205
76207
76210
76214
76215
76216
76217
76221
76223
76224
76225
76226
76231
76232
76235
76236
76242
76243
76245
76246
76248
76251
76252
76253
76254
76256
76257
76259
76260
76261
76262
76263
76264
76265
76266
76267
76268
76272
76274
76278
76279
76280
76281
76282
76283
76284
76286
76287
76289
76290
76292
76294
76297
76298
76299
76301
76303
76308
76309
76311
76312
76313
76314
76315
76316
76317
76320
76323
76324
76325
76326
76327
76331
76333
76335
76336
76337
76338
76339
76340
76341
76342
76346
76349
76352
76353
76354
76355
76356
76358
76360
76362
76363
76364
76366
76367
76371
76372
76376
76377
76379
76382
76383
76385
76386
76387
76388
76389
76391
76392
76399
76400
76401
76404
76405
76407
76408
76409
76410
76411
76413
76415
76416
76417
76419
76420
76422
76423
76426
76427
76428
76429
76430
76433
76434
76436
76437
76438
76439
76440
76442
76446
76450
76452
76453
76456
76457
76460
76462
76465
76466
76468
76471
76473
76474
76475
76476
76478
76479
76481
76484
76485
76486
76487
76490
76493
76496
76497
76501
76502
76503
76506
76508
76509
76510
76511
76512
76513
76514
76516
76518
76519
76520
76521
76522
76523
76524
76526
76528
76529
76530
76531
76533
76534
76535
76537
76538
76539
76543
76545
76547
76549
76551
76553
76554
76557
76560
76561
76563
76570
76573
76574
76577
76578
76580
76581
76582
76583
76584
76585
76590
76591
76592
76593
76594
76595
76596
76598
76600
76601
76602
76603
76607
76608
76611
76613
76614
76615
76616
76617
76619
76620
76621
76623
76624
76629
76630
76631
76633
76636
76637
76638
76642
76644
76646
76647
76648
76650
76652
76654
76656
76657
76659
76661
76663
76664
76665
76666
76667
76668
76669
76670
76672
76673
76674
76677
76679
76681
76683
76684
76685
76688
76691
76692
76693
76694
76699
76703
76704
76708
76709
76710
76712
76714
76715
76716
76717
76718
76720
76723
76724
76725
76727
76728
76732
76733
76734
76735
76736
76737
76741
76742
76744
76745
76747
76750
76751
76753
76755
76756
76757
76759
76765
76766
76771
76774
76776
76778
76779
76783
76785
76787
76793
76794
76795
76798
76802
76805
76810
76812
76813
76816
76819
76822
76823
76828
76831
76832
76833
76834
76835
76836
76837
76838
76841
76843
76844
76846
76848
76850
76851
76852
76853
76855
76857
76858
76861
76862
76863
76864
76865
76866
76867
76868
76869
76870
76871
76873
76875
76878
76882
76885
76886
76887
76888
76889
76891
76892
76893
76895
76897
76898
76900
76901
76902
76905
76906
76907
76909
76910
76913
76915
76917
76918
76921
76923
76924
76928
76929
76933
76934
76937
76939
76940
76942
76946
76953
76954
76957
76958
76959
76961
76964
76966
76967
76968
76974
76976
76977
76978
76982
76983
76985
76986
76988
76989
76991
76995
76997
76999
77000
77001
77002
77003
77004
77005
77008
77010
77012
77013
77014
77016
77019
77024
77025
77028
77029
77030
77031
77034
77035
77037
77039
77041
77042
77046
77047
77051
77052
77053
77054
77056
77057
77058
77060
77061
77062
77063
77066
77070
77071
77075
77078
77079
77080
77085
77088
77091
77092
77093
77094
77095
77099
77100
77101
77102
77103
77104
77105
77106
77107
77109
77111
77114
77115
77117
77119
77123
77126
77127
77129
77130
77133
77134
77136
77137
77139
77140
77141
77142
77143
77145
77146
77147
77148
77150
77151
77153
77155
77156
77157
77160
77162
77163
77165
77166
77168
77170
77172
77174
77175
77177
77178
77180
77182
77186
77188
77189
77191
77192
77193
77195
77196
77198
77199
77200
77201
77204
77206
77207
77208
77209
77211
77213
77214
77215
77217
77219
77220
77222
77223
77224
77225
77226
77227
77228
77229
77232
77238
77239
77241
77242
77243
77244
77246
77249
77251
77252
77254
77255
77258
77260
77261
77262
77264
77265
77266
77267
77269
77271
77272
77274
77280
77283
77284
77285
77286
77287
77289
77290
77292
77294
77296
77299
77300
77303
77305
77307
77309
77311
77312
77314
77318
77319
77320
77322
77326
77327
77328
77330
77332
77334
77335
77336
77338
77340
77343
77344
77346
77347
77349
77350
77351
77354
77356
77357
77358
77360
77362
77363
77364
77366
77367
77369
77371
77373
77374
77375
77376
77377
77378
77383
77386
77387
77388
77389
77392
77393
77394
77395
77397
77399
77401
77402
77406
77412
77413
77415
77416
77419
77420
77423
77425
77426
77427
77428
77430
77431
77433
77435
77438
77441
77444
77445
77446
77449
77450
77451
77453
77455
77456
77457
77459
77460
77462
77463
77464
77465
77466
77468
77469
77470
77474
77475
77476
77478
77480
77485
77488
77490
77495
77498
77499
77500
77501
77502
77504
77505
77507
77508
77512
77513
77515
77518
77520
77521
77522
77523
77524
77525
77526
77527
77529
77530
77531
77532
77535
77536
77537
77538
77541
77542
77544
77548
77549
77550
77552
77554
77555
77558
77559
77561
77563
77564
77565
77566
77567
77569
77572
77573
77575
77578
77581
77582
77583
77585
77586
77587
77588
77592
77598
77599
77601
77604
77605
77606
77607
77608
77610
77616
77618
77621
77623
77624
77626
77628
77629
77631
77634
77637
77638
77642
77648
77649
77650
77651
77652
77653
77654
77656
77659
77661
77662
77663
77664
77665
77667
77668
77670
77675
77676
77678
77679
77681
77682
77683
77684
77686
77687
77688
77690
77691
77692
77694
77695
77697
77698
77699
77702
77703
77704
77705
77707
77708
77709
77710
77711
77712
77713
77714
77715
77716
77718
77720
77723
77725
77726
77730
77731
77732
77735
77736
77737
77739
77740
77744
77745
77747
77748
77749
77751
77754
77761
77762
77765
77768
77771
77774
77775
77780
77782
77783
77784
77787
77789
77790
77792
77793
77794
77796
77797
77798
77801
77802
77806
77807
77808
77809
77810
77811
77812
77814
77816
77817
77818
77819
77822
77823
77824
77825
77826
77827
77830
77831
77835
77836
77837
77839
77843
77844
77845
77846
77849
77851
77852
77854
77855
77856
77857
77860
77863
77864
77867
77874
77876
77878
77882
77885
77886
77887
77888
77890
77891
77892
77894
77895
77896
77898
77900
77903
77905
77907
77908
77909
77911
77912
77916
77919
77920
77921
77923
77925
77926
77931
77939
77940
77943
77946
77947
77948
77949
77952
77954
77955
77956
77957
77958
77962
77963
77964
77967
77968
77972
77973
77974
77976
77977
77978
77980
77981
77982
77984
77985
77988
77989
77990
77991
77992
77994
77995
77996
77998
78000
78001
78003
78004
78010
78011
78012
78013
78014
78016
78017
78019
78020
78021
78023
78025
78027
78029
78032
78033
78034
78036
78038
78040
78041
78042
78043
78044
78046
78048
78049
78053
78054
78055
78056
78057
78059
78060
78062
78065
78066
78068
78069
78073
78074
78075
78076
78077
78079
78080
78081
78086
78089
78090
78091
78092
78093
78094
78095
78097
78098
78102
78103
78104
78105
78106
78107
78109
78110
78113
78114
78115
78116
78117
78118
78120
78121
78122
78125
78127
78128
78130
78131
78134
78135
78137
78139
78140
78142
78143
78144
78146
78148
78149
78151
78155
78156
78157
78162
78163
78164
78168
78169
78171
78172
78173
78174
78176
78178
78179
78181
78183
78185
78188
78190
78191
78192
78194
78196
78198
78199
78201
78202
78203
78204
78205
78206
78208
78217
78218
78220
78221
78225
78228
78230
78231
78233
78234
78235
78237
78239
78240
78241
78242
78246
78248
78249
78250
78252
78257
78258
78260
78261
78265
78266
78267
78268
78269
78271
78272
78275
78276
78278
78279
78281
78282
78286
78287
78288
78289
78290
78291
78294
78295
78296
78298
78299
78300
78302
78304
78305
78307
78310
78314
78315
78316
78318
78319
78321
78325
78328
78331
78333
78334
78335
78337
78338
78339
78340
78341
78343
78345
78347
78348
78349
78350
78351
78352
78357
78358
78359
78361
78364
78366
78367
78369
78370
78371
78372
78374
78377
78378
78380
78383
78385
78386
78387
78389
78390
78392
78394
78395
78398
78400
78401
78402
78403
78406
78408
78409
78415
78416
78417
78418
78419
78421
78423
78426
78427
78430
78431
78436
78437
78438
78439
78441
78446
78447
78448
78450
78453
78455
78456
78458
78459
78460
78462
78463
78465
78468
78469
78470
78472
78475
78477
78479
78480
78482
78483
78485
78486
78487
78488
78489
78491
78492
78494
78496
78497
78498
78501
78504
78505
78506
78508
78509
78510
78514
78515
78516
78517
78518
78519
78520
78523
78524
78525
78528
78530
78531
78533
78536
78537
78539
78540
78542
78544
78548
78550
78551
78554
78556
78557
78558
78560
78562
78565
78566
78568
78569
78570
78573
78574
78575
78576
78577
78578
78581
78583
78586
78587
78588
78591
78592
78593
78594
78597
78598
78599
78602
78603
78604
78606
78607
78608
78610
78611
78612
78613
78614
78616
78617
78619
78621
78622
78623
78626
78627
78628
78629
78630
78631
78632
78634
78636
78637
78640
78641
78642
78643
78644
78645
78649
78650
78651
78652
78653
78655
78656
78657
78659
78660
78661
78662
78664
78666
78667
78668
78670
78671
78672
78674
78675
78676
78678
78680
78682
78688
78689
78693
78694
78695
78697
78698
78699
78700
78701
78702
78703
78704
78706
78708
78711
78712
78714
78715
78716
78718
78719
78720
78721
78724
78727
78729
78731
78735
78736
78741
78743
78744
78745
78746
78747
78748
78749
78750
78754
78755
78756
78758
78759
78760
78761
78762
78763
78764
78766
78768
78771
78772
78773
78774
78775
78776
78782
78783
78784
78787
78788
78791
78794
78796
78797
78799
78800
78802
78803
78804
78809
78810
78813
78814
78815
78816
78817
78825
78828
78831
78832
78833
78835
78837
78838
78839
78840
78841
78843
78844
78845
78849
78856
78857
78858
78861
78862
78863
78864
78865
78869
78870
78871
78872
78873
78875
78876
78878
78880
78883
78885
78886
78888
78889
78891
78892
78894
78895
78896
78898
78900
78901
78903
78905
78907
78908
78910
78911
78912
78915
78916
78917
78919
78920
78921
78922
78923
78924
78926
78927
78928
78930
78931
78932
78934
78935
78937
78940
78942
78943
78944
78945
78947
78948
78949
78950
78954
78955
78956
78957
78958
78960
78964
78968
78970
78972
78976
78977
78979
78981
78985
78986
78987
78988
78989
78990
78993
78997
79001
79003
79005
79007
79008
79009
79011
79012
79013
79016
79017
79019
79020
79021
79022
79023
79025
79026
79027
79030
79034
79035
79037
79038
79039
79040
79043
79045
79049
79052
79053
79054
79056
79057
79058
79059
79061
79063
79065
79066
79067
79068
79069
79070
79071
79072
79073
79075
79077
79079
79084
79085
79089
79097
79099
79100
79101
79103
79104
79105
79106
79107
79109
79110
79112
79115
79117
79118
79119
79121
79123
79124
79127
79128
79131
79132
79136
79138
79140
79141
79146
79147
79150
79152
79153
79157
79158
79163
79164
79165
79167
79169
79170
79172
79173
79174
79175
79177
79178
79179
79180
79181
79182
79183
79186
79189
79190
79192
79193
79203
79204
79205
79206
79210
79211
79215
79219
79221
79223
79224
79228
79229
79230
79231
79232
79234
79236
79237
79239
79241
79242
79243
79244
79247
79249
79250
79253
79255
79257
79258
79259
79261
79264
79265
79266
79267
79268
79270
79272
79275
79277
79281
79285
79286
79287
79288
79289
79291
79294
79295
79297
79298
79299
79300
79304
79306
79309
79310
79311
79315
79316
79317
79318
79320
79321
79322
79324
79325
79326
79328
79330
79333
79334
79336
79339
79342
79344
79345
79348
79349
79350
79352
79353
79354
79356
79357
79358
79360
79361
79363
79366
79369
79372
79373
79374
79375
79376
79378
79379
79381
79382
79383
79384
79385
79386
79387
79388
79389
79390
79392
79396
79398
79399
79401
79407
79410
79411
79412
79413
79414
79419
79420
79423
79425
79426
79428
79429
79430
79431
79433
79434
79436
79437
79440
79442
79443
79446
79448
79449
79452
79454
79455
79456
79458
79459
79460
79461
79462
79463
79465
79466
79468
79470
79473
79475
79476
79477
79478
79479
79480
79481
79482
79483
79484
79486
79488
79489
79490
79492
79494
79496
79500
79503
79507
79508
79509
79513
79514
79517
79519
79522
79524
79526
79531
79532
79534
79536
79537
79540
79543
79546
79548
79553
79554
79555
79556
79559
79561
79562
79563
79567
79568
79570
79571
79573
79574
79576
79578
79584
79586
79588
79591
79592
79595
79596
79597
79598
79599
79600
79601
79602
79605
79608
79610
79612
79614
79615
79617
79618
79619
79620
79621
79622
79624
79626
79629
79630
79633
79634
79635
79637
79640
79641
79642
79643
79645
79646
79650
79652
79653
79654
79657
79660
79661
79662
79663
79664
79665
79666
79668
79670
79672
79673
79674
79678
79679
79681
79682
79686
79689
79690
79693
79694
79695
79696
79697
79698
79699
79701
79702
79704
79707
79709
79712
79713
79718
79721
79722
79723
79724
79725
79726
79727
79728
79729
79731
79732
79733
79735
79738
79743
79745
79746
79748
79749
79751
79752
79754
79755
79756
79757
79758
79759
79760
79761
79762
79764
79766
79770
79771
79775
79779
79781
79782
79783
79785
79786
79787
79790
79791
79793
79794
79795
79799
79802
79803
79804
79806
79809
79810
79811
79815
79816
79817
79819
79824
79827
79828
79829
79831
79833
79834
79835
79836
79837
79838
79839
79841
79842
79844
79845
79846
79848
79849
79850
79852
79854
79855
79856
79857
79860
79865
79866
79869
79871
79873
79874
79875
79876
79877
79882
79885
79888
79889
79890
79892
79895
79896
79899
79901
79904
79905
79906
79907
79908
79909
79912
79914
79915
79916
79917
79918
79919
79920
79922
79926
79927
79929
79930
79931
79932
79935
79937
79938
79939
79940
79941
79942
79943
79944
79946
79948
79950
79951
79952
79953
79954
79955
79956
79957
79958
79959
79961
79962
79963
79965
79966
79971
79973
79974
79975
79978
79980
79981
79982
79986
79991
79992
79993
79995
79997
79999
