99478
99479
99484
99485
99487
99488
99489
99490
99492
99493
99494
99497
99502
99503
99504
99505
99506
99507
99508
99509
99510
99513
99514
99516
99517
99518
99520
99521
99522
99523
99525
99526
99529
99530
99531
99532
99534
99535
99536
99538
99540
99543
99544
99547
99548
99551
99552
99553
99554
99557
99560
99561
99566
99567
99568
99569
99570
99571
99572
99573
99575
99576
99577
99580
99582
99584
99585
99587
99590
99591
99593
99594
99595
99596
99597
99598
99599
99600
99601
99603
99605
99606
99607
99608
99611
99612
99614
99616
99618
99619
99620
99622
99623
99624
99625
99627
99628
99629
99630
99631
99633
99639
99640
99642
99643
99648
99652
99653
99656
99657
99659
99660
99661
99662
99663
99665
99667
99672
99673
99675
99676
99680
99681
99683
99684
99685
99687
99688
99689
99691
99692
99696
99697
99698
99701
99702
99703
99704
99707
99708
99709
99711
99714
99715
99717
99718
99720
99721
99723
99725
99726
99727
99729
99733
99736
99738
99742
99745
99746
99751
99752
99753
99754
99755
99756
99757
99759
99760
99761
99763
99764
99765
99767
99769
99771
99773
99774
99775
99778
99779
99780
99781
99784
99785
99786
99788
99792
99797
99798
99799
99801
99803
99804
99805
99806
99808
99809
99810
99811
99814
99815
99816
99818
99820
99821
99822
99825
99827
99828
99830
99831
99833
99835
99836
99837
99839
99843
99844
99845
99848
99850
99855
99856
99857
99858
99859
99860
99861
99862
99863
99865
99866
99868
99869
99872
99874
99875
99876
99878
99879
99881
99882
99883
99884
99889
99890
99892
99895
99897
99898
99899
99900
99902
99903
99904
99909
99910
99911
99912
99914
99917
99918
99921
99923
99924
99925
99927
99931
99933
99935
99940
99942
99944
99945
99946
99948
99949
99951
99952
99953
99954
99956
99958
99960
99961
99964
99965
99966
99967
99968
99969
99970
99971
99972
99973
99974
99975
99978
99982
99985
99986
99987
99988
99989
99993
99995
99997
99999
100002
100003
100004
100005
100006
100007
100009
100010
100011
100012
100016
100018
100019
100022
100024
100026
100029
100030
100031
100032
100033
100036
100038
100039
100040
100041
100042
100043
100045
100046
100049
100050
100051
100052
100054
100055
100057
100059
100061
100062
100063
100065
100066
100070
100071
100072
100073
100074
100076
100077
100079
100082
100083
100084
100085
100086
100088
100090
100091
100092
100093
100094
100096
100097
100100
100102
100105
100110
100114
100115
100116
100117
100118
100119
100120
100121
100123
100124
100126
100127
100128
100132
100134
100135
100137
100138
100139
100141
100142
100143
100144
100149
100150
100152
100153
100155
100157
100160
100163
100164
100167
100169
100174
100176
100177
100178
100180
100181
100184
100186
100187
100190
100191
100192
100194
100195
100200
100201
100203
100204
100206
100207
100208
100210
100213
100214
100215
100216
100217
100218
100220
100222
100224
100226
100227
100228
100231
100234
100235
100236
100237
100238
100240
100241
100242
100243
100244
100245
100248
100250
100251
100254
100256
100258
100261
100264
100265
100266
100267
100268
100269
100270
100271
100272
100274
100275
100276
100277
100280
100282
100283
100284
100285
100286
100287
100288
100290
100291
100293
100296
100297
100298
100300
100301
100306
100308
100309
100310
100312
100314
100317
100318
100321
100325
100326
100327
100329
100330
100333
100335
100336
100337
100338
100341
100342
100343
100345
100349
100352
100358
100359
100360
100361
100364
100369
100370
100371
100374
100376
100378
100379
100380
100381
100382
100384
100385
100386
100387
100391
100392
100393
100396
100397
100398
100399
100400
100402
100404
100405
100406
100409
100410
100413
100414
100415
100416
100420
100422
100423
100424
100425
100426
100428
100430
100432
100433
100434
100435
100437
100438
100441
100443
100445
100447
100448
100450
100452
100453
100454
100460
100461
100462
100464
100465
100468
100469
100470
100471
100472
100474
100477
100478
100479
100483
100485
100488
100489
100490
100491
100492
100494
100498
100499
100500
100501
100502
100504
100506
100508
100512
100515
100517
100518
100520
100521
100522
100523
100524
100525
100527
100529
100531
100533
100537
100539
100540
100541
100544
100548
100549
100550
100556
100558
100559
100560
100564
100565
100566
100567
100568
100569
100570
100571
100573
100574
100575
100576
100581
100582
100586
100587
100588
100589
100590
100591
100592
100593
100594
100596
100597
100598
100601
100602
100604
100605
100608
100610
100612
100613
100616
100618
100619
100620
100622
100624
100626
100629
100630
100631
100633
100635
100636
100638
100639
100641
100642
100643
100644
100645
100646
100649
100650
100651
100653
100654
100655
100656
100659
100661
100662
100663
100665
100667
100668
100669
100671
100672
100675
100676
100677
100679
100682
100685
100687
100689
100690
100691
100694
100695
100699
100700
100703
100704
100705
100706
100707
100708
100709
100710
100712
100714
100715
100718
100719
100720
100721
100722
100724
100725
100727
100728
100732
100735
100737
100738
100739
100740
100741
100742
100746
100748
100753
100755
100756
100757
100759
100762
100764
100766
100769
100770
100771
100774
100775
100776
100778
100779
100780
100781
100783
100784
100786
100787
100789
100791
100793
100795
100796
100797
100798
100799
100800
100801
100802
100803
100806
100807
100808
100810
100813
100814
100816
100817
100818
100819
100820
100822
100824
100825
100828
100830
100831
100832
100833
100838
100839
100842
100844
100845
100846
100847
100848
100850
100852
100855
100857
100858
100860
100864
100866
100867
100868
100869
100870
100872
100875
100877
100880
100881
100885
100892
100897
100900
100901
100902
100906
100908
100909
100910
100911
100914
100915
100917
100918
100919
100920
100922
100925
100926
100927
100931
100932
100933
100934
100935
100936
100938
100939
100944
100945
100946
100947
100948
100949
100950
100953
100954
100956
100957
100959
100960
100961
100962
100963
100969
100975
100976
100977
100979
100984
100985
100986
100987
100988
100989
100990
100993
100994
100997
100999
101001
101003
101005
101006
101011
101012
101013
101014
101016
101017
101018
101019
101021
101023
101024
101026
101028
101030
101031
101032
101034
101035
101036
101037
101043
101044
101045
101046
101047
101048
101049
101053
101054
101056
101058
101060
101061
101062
101064
101065
101066
101070
101071
101072
101073
101074
101075
101076
101078
101079
101080
101082
101084
101085
101086
101088
101093
101094
101100
101101
101106
101108
101109
101111
101112
101115
101119
101121
101123
101124
101127
101129
101132
101133
101134
101135
101137
101138
101139
101140
101142
101143
101144
101147
101148
101151
101152
101153
101154
101155
101156
101157
101158
101163
101166
101167
101169
101171
101172
101174
101175
101181
101182
101183
101184
101186
101187
101188
101190
101191
101192
101193
101194
101195
101197
101198
101201
101203
101204
101205
101206
101208
101210
101212
101213
101216
101217
101218
101219
101221
101222
101223
101225
101229
101231
101232
101233
101234
101236
101237
101239
101240
101244
101245
101249
101252
101253
101255
101256
101257
101259
101260
101264
101265
101266
101267
101268
101269
101270
101276
101277
101279
101282
101283
101284
101288
101289
101290
101291
101293
101295
101296
101297
101300
101304
101306
101308
101309
101311
101317
101318
101320
101321
101322
101323
101324
101325
101328
101329
101336
101338
101340
101344
101351
101356
101357
101359
101360
101363
101364
101365
101366
101367
101368
101372
101373
101374
101376
101381
101383
101385
101386
101387
101389
101390
101395
101396
101398
101400
101402
101403
