10000
10003
10005
10007
10009
10010
10011
10012
10014
10015
10017
10018
10021
10023
10024
10025
10028
10029
10030
10034
10037
10038
10041
10042
10043
10053
10054
10055
10056
10058
10060
10063
10064
10065
10067
10068
10069
10073
10075
10081
10083
10085
10088
10090
10092
10093
10094
10095
10098
10099
10100
10101
10103
10104
10107
10108
10109
10110
10111
10112
10113
10114
10116
10117
10118
10121
10122
10124
10125
10126
10131
10133
10135
10136
10137
10138
10139
10142
10143
10144
10149
10151
10152
10154
10155
10156
10157
10159
10161
10162
10164
10169
10175
10177
10179
10180
10182
10183
10184
10190
10191
10193
10194
10195
10197
10198
10199
10203
10205
10206
10207
10208
10209
10210
10211
10212
10216
10218
10220
10225
10226
10227
10229
10232
10233
10236
10242
10245
10246
10247
10249
10250
10252
10253
10254
10256
10258
10259
10260
10261
10262
10263
10264
10266
10267
10269
10271
10273
10274
10275
10276
10277
10279
10281
10282
10287
10294
10296
10297
10298
10299
10300
10302
10303
10304
10307
10308
10311
10312
10313
10315
10316
10317
10318
10319
10320
10322
10323
10324
10326
10327
10330
10331
10332
10333
10334
10335
10339
10340
10342
10345
10346
10347
10348
10349
10350
10351
10356
10357
10358
10359
10360
10361
10365
10368
10369
10373
10375
10376
10377
10378
10379
10380
10382
10383
10384
10385
10387
10398
10399
10400
10401
10404
10405
10407
10408
10409
10410
10412
10414
10418
10419
10420
10422
10423
10425
10427
10428
10429
10431
10432
10434
10435
10436
10439
10440
10443
10444
10445
10446
10447
10448
10450
10452
10454
10455
10456
10457
10459
10461
10462
10463
10464
10469
10472
10474
10476
10478
10479
10480
10483
10484
10485
10488
10489
10490
10491
10492
10494
10495
10497
10498
10499
10503
10505
10507
10508
10509
10510
10515
10517
10518
10519
10520
10521
10522
10523
10524
10526
10528
10529
10530
10531
10533
10535
10536
10538
10539
10540
10541
10543
10544
10545
10548
10549
10550
10551
10556
10557
10560
10561
10562
10563
10565
10569
10570
10574
10576
10577
10579
10581
10582
10583
10584
10586
10587
10589
10590
10591
10594
10595
10598
10599
10600
10601
10602
10610
10612
10617
10618
10620
10622
10623
10626
10629
10630
10634
10636
10637
10638
10639
10640
10642
10643
10645
10647
10650
10651
10652
10653
10654
10659
10661
10662
10664
10665
10666
10667
10669
10672
10673
10679
10680
10681
10682
10684
10689
10691
10692
10695
10698
10700
10701
10702
10703
10704
10705
10706
10707
10708
10709
10710
10712
10716
10717
10720
10722
10723
10724
10725
10726
10727
10729
10730
10731
10738
10739
10740
10741
10745
10746
10748
10749
10751
10752
10753
10754
10755
10763
10764
10765
10768
10770
10771
10772
10774
10775
10776
10778
10779
10780
10781
10783
10784
10785
10786
10787
10788
10791
10793
10794
10796
10800
10801
10802
10804
10805
10806
10807
10808
10809
10812
10813
10815
10816
10820
10821
10822
10823
10824
10826
10828
10829
10832
10833
10835
10836
10837
10838
10844
10845
10846
10847
10848
10849
10850
10852
10853
10854
10856
10857
10861
10862
10863
10866
10867
10868
10869
10871
10873
10875
10878
10879
10880
10883
10884
10886
10887
10888
10889
10891
10892
10893
10894
10895
10896
10897
10899
10900
10902
10905
10906
10907
10908
10909
10910
10911
10913
10916
10917
10921
10922
10924
10925
10926
10927
10928
10930
10931
10933
10934
10936
10937
10942
10943
10944
10945
10948
10949
10950
10952
10954
10955
10956
10958
10959
10960
10961
10963
10965
10967
10970
10972
10973
10974
10975
10977
10979
10982
10985
10986
10987
10990
10994
10995
10997
10998
11000
11002
11005
11006
11008
11009
11010
11013
11015
11016
11017
11018
11019
11020
11024
11026
11027
11031
11032
11033
11034
11035
11036
11037
11038
11039
11040
11041
11044
11045
11046
11048
11049
11050
11051
11054
11055
11058
11059
11060
11063
11064
11065
11067
11070
11071
11073
11074
11075
11077
11079
11080
11081
11082
11083
11084
11086
11088
11089
11090
11095
11096
11097
11098
11101
11102
11103
11104
11106
11107
11108
11110
11111
11112
11113
11116
11117
11118
11119
11124
11126
11127
11128
11129
11131
11133
11136
11137
11138
11139
11142
11143
11144
11146
11148
11150
11153
11155
11156
11157
11158
11161
11162
11163
11164
11165
11167
11168
11169
11170
11173
11174
11177
11180
11181
11183
11184
11187
11189
11190
11193
11196
11197
11198
11202
11203
11205
11206
11207
11208
11209
11210
11212
11213
11215
11216
11217
11218
11220
11221
11222
11224
11227
11228
11229
11231
11232
11233
11237
11238
11239
11242
11243
11244
11245
11246
11248
11249
11251
11255
11258
11259
11260
11261
11265
11266
11267
11268
11270
11273
11274
11275
11276
11277
11278
11279
11281
11282
11287
11288
11289
11292
11293
11294
11295
11297
11298
11299
11300
11304
11306
11307
11308
11309
11313
11314
11315
11320
11324
11328
11329
11330
11332
11333
11335
11340
11341
11343
11347
11348
11349
11350
11352
11353
11354
11362
11364
11365
11366
11367
11368
11371
11372
11375
11376
11377
11378
11380
11382
11384
11385
11388
11391
11395
11396
11397
11398
11400
11404
11406
11408
11409
11410
11412
11413
11414
11415
11416
11418
11419
11422
11423
11424
11425
11427
11433
11434
11435
11436
11437
11440
11441
11442
11443
11444
11445
11450
11451
11453
11455
11456
11458
11459
11460
11461
11462
11463
11464
11465
11466
11467
11469
11470
11471
11473
11475
11476
11477
11478
11480
11481
11483
11485
11488
11489
11490
11491
11495
11497
11501
11503
11504
11505
11508
11510
11512
11513
11514
11517
11518
11520
11521
11522
11523
11524
11525
11526
11527
11530
11531
11533
11534
11535
11537
11538
11540
11541
11543
11544
11545
11546
11551
11552
11553
11560
11561
11562
11565
11569
11571
11572
11573
11574
11580
11581
11584
11585
11586
11589
11590
11591
11592
11594
11595
11597
11598
11599
11600
11601
11602
11603
11604
11605
11606
11607
11610
11611
11612
11613
11614
11618
11619
11620
11624
11627
11628
11630
11632
11635
11639
11640
11642
11644
11648
11650
11653
11654
11655
11656
11658
11659
11660
11661
11662
11666
11667
11668
11671
11672
11673
11675
11678
11679
11680
11681
11682
11686
11690
11691
11692
11693
11694
11695
11696
11699
11700
11701
11702
11705
11707
11708
11709
11710
11711
11713
11714
11715
11717
11718
11719
11720
11724
11725
11726
11727
11728
11731
11732
11733
11736
11738
11739
11740
11741
11742
11744
11745
11747
11749
11752
11753
11755
11757
11758
11760
11762
11764
11766
11768
11769
11770
11771
11773
11775
11776
11777
11782
11784
11785
11787
11788
11789
11791
11793
11798
11802
11806
11807
11808
11809
11813
11814
11815
11816
11817
11821
11822
11823
11826
11827
11828
11830
11831
11833
11834
11835
11836
11838
11839
11840
11841
11843
11845
11846
11848
11850
11851
11854
11855
11858
11859
11860
11862
11863
11865
11866
11867
11870
11873
11875
11876
11877
11878
11879
11882
11884
11886
11887
11888
11891
11892
11893
11895
11896
11898
11899
11901
11905
11906
11909
11910
11912
11916
11917
11921
11923
11924
11925
11926
11930
11931
11932
11937
11938
11939
11940
11942
11943
11946
11947
11951
11952
11956
11958
11960
11964
11965
11966
11967
11969
11971
11972
11973
11975
11977
11979
11981
11983
11986
11989
11990
11991
11995
11996
11999
12003
12004
12005
12006
12008
12012
12013
12015
12017
12018
12019
12020
12021
12023
12025
12027
12029
12032
12034
12035
12036
12037
12038
12039
12041
12045
12046
12047
12048
12050
12054
12055
12056
12057
12058
12059
12064
12065
12068
12070
12072
12073
12076
12077
12078
12079
12080
12081
12082
12085
12087
12088
12090
12091
12092
12094
12095
12096
12097
12099
12100
12101
12102
12106
12109
12110
12113
12115
12116
12118
12119
12120
12122
12123
12124
12125
12127
12129
12131
12133
12135
12136
12137
12138
12139
12140
12141
12143
12145
12148
12149
12150
12151
12152
12154
12157
12158
12160
12161
12162
12163
12168
12170
12172
12173
12175
12176
12180
12183
12185
12188
12190
12191
12192
12196
12197
12198
12199
12200
12202
12204
12208
12210
12211
12212
12213
12214
12217
12219
12220
12221
12222
12223
12224
12228
12236
12241
12242
12244
12245
12247
12248
12252
12253
12254
12256
12257
12258
12259
12260
12261
12263
12265
12266
12267
12268
12269
12270
12271
12273
12278
12279
12281
12282
12283
12284
12286
12287
12288
12289
12291
12292
12293
12295
12298
12299
12300
12304
12306
12311
12314
12315
12316
12317
12318
12319
12320
12321
12322
12323
12330
12332
12333
12334
12336
12339
12340
12342
12343
12344
12346
12347
12348
12349
12350
12351
12352
12354
12355
12357
12358
12359
12360
12363
12365
12369
12372
12375
12377
12379
12380
12381
12382
12383
12384
12386
12388
12389
12390
12391
12392
12394
12395
12396
12397
12399
12400
12401
12404
12405
12406
12407
12408
12410
12411
12413
12414
12415
12416
12419
12420
12421
12422
12423
12424
12426
12427
12428
12429
12430
12431
12434
12436
12438
12439
12440
12441
12443
12446
12447
12449
12452
12453
12455
12457
12458
12459
12460
12461
12463
12466
12467
12468
12470
12471
12472
12473
12475
12477
12481
12483
12485
12487
12489
12490
12491
12493
12495
12496
12497
12498
12500
12503
12504
12506
12508
12509
12510
12512
12513
12514
12515
12516
12517
12519
12521
12522
12525
12526
12527
12528
12529
12531
12532
12534
12535
12536
12537
12538
12539
12541
12545
12548
12549
12550
12552
12555
12557
12559
12560
12561
12562
12564
12566
12567
12568
12570
12571
12572
12573
12577
12580
12581
12582
12583
12586
12588
12589
12590
12591
12595
12597
12598
12599
12604
12605
12606
12609
12611
12612
12613
12616
12622
12623
12625
12626
12630
12633
12634
12637
12638
12640
12642
12643
12646
12647
12650
12652
12654
12655
12657
12658
12659
12661
12663
12667
12668
12669
12670
12671
12675
12676
12677
12678
12679
12680
12681
12682
12684
12685
12686
12688
12690
12693
12694
12696
12697
12699
12704
12705
12709
12711
12712
12713
12714
12716
12718
12719
12720
12721
12723
12724
12727
12729
12733
12734
12736
12738
12742
12743
12744
12745
12746
12747
12748
12749
12751
12752
12753
12756
12757
12758
12759
12763
12766
12767
12769
12773
12774
12776
12777
12779
12780
12781
12782
12783
12784
12785
12788
12789
12791
12792
12793
12796
12799
12800
12802
12804
12805
12807
12808
12809
12812
12813
12814
12815
12816
12817
12818
12821
12822
12823
12825
12828
12829
12830
12832
12833
12834
12837
12838
12841
12842
12843
12844
12845
12846
12847
12849
12851
12853
12854
12856
12860
12863
12866
12867
12870
12871
12872
12874
12875
12877
12879
12880
12883
12886
12889
12890
12891
12892
12893
12896
12898
12899
12900
12903
12906
12907
12908
12909
12910
12911
12912
12913
12914
12916
12917
12918
12919
12921
12923
12925
12926
12927
12928
12929
12930
12933
12934
12935
12936
12939
12942
12943
12948
12949
12953
12954
12957
12964
12966
12969
12970
12971
12972
12978
12980
12981
12983
12984
12985
12986
12987
12988
12989
12992
12993
12995
12996
12997
13002
13003
13004
13007
13008
13009
13012
13013
13014
13016
13019
13020
13021
13023
13025
13026
13027
13028
13029
13030
13033
13037
13039
13040
13042
13046
13048
13049
13050
13052
13053
13054
13055
13056
13059
13062
13066
13067
13068
13071
13073
13074
13078
13079
13082
13084
13087
13089
13093
13095
13096
13097
13099
13100
13102
13107
13108
13109
13110
13111
13112
13113
13114
13115
13117
13119
13120
13121
13122
13123
13125
13126
13128
13130
13131
13132
13133
13135
13136
13138
13139
13141
13143
13145
13146
13147
13152
13153
13154
13155
13156
13158
13159
13161
13162
13163
13164
13165
13167
13168
13169
13173
13176
13179
13180
13181
13182
13183
13184
13185
13186
13188
13189
13191
13193
13195
13197
13201
13202
13206
13207
13208
13214
13215
13216
13217
13221
13222
13223
13224
13225
13227
13232
13234
13235
13236
13238
13239
13240
13242
13243
13244
13245
13247
13248
13251
13254
13256
13257
13259
13261
13262
13263
13264
13265
13267
13268
13269
13270
13273
13274
13275
13276
13280
13281
13282
13283
13284
13285
13287
13288
13290
13291
13292
13294
13295
13298
13299
13300
13303
13305
13307
13308
13310
13311
13312
13313
13314
13316
13317
13319
13320
13321
13322
13323
13324
13325
13333
13334
13335
13336
13337
13339
13347
13349
13351
13352
13353
13355
13360
13361
13362
13363
13364
13365
13366
13367
13370
13371
13374
13375
13376
13377
13380
13383
13385
13386
13388
13390
13391
13392
13394
13398
13399
13402
13404
13406
13412
13414
13415
13416
13418
13420
13421
13424
13427
13429
13430
13431
13434
13435
13437
13440
13441
13443
13444
13445
13447
13448
13450
13451
13455
13458
13459
13460
13462
13463
13470
13471
13474
13475
13476
13477
13478
13482
13483
13487
13489
13491
13492
13494
13496
13497
13498
13499
13500
13502
13504
13506
13507
13513
13515
13517
13519
13520
13521
13523
13524
13525
13529
13531
13532
13535
13536
13537
13539
13544
13545
13546
13547
13548
13551
13555
13557
13558
13559
13560
13562
13564
13566
13567
13568
13569
13571
13573
13576
13577
13578
13579
13580
13581
13582
13583
13584
13585
13586
13588
13591
13592
13593
13594
13595
13597
13598
13599
13600
13601
13603
13606
13607
13608
13614
13619
13622
13625
13627
13628
13629
13631
13635
13636
13638
13640
13641
13643
13646
13647
13648
13649
13650
13652
13653
13655
13656
13658
13659
13662
13665
13668
13670
13672
13673
13674
13676
13681
13686
13687
13689
13692
13693
13694
13695
13698
13699
13702
13705
13707
13709
13711
13713
13714
13717
13720
13721
13723
13725
13728
13729
13730
13733
13735
13736
13737
13739
13740
13741
13746
13747
13750
13752
13753
13755
13758
13760
13761
13762
13763
13767
13769
13770
13771
13774
13775
13776
13777
13778
13780
13784
13788
13789
13790
13792
13793
13794
13796
13797
13798
13799
13800
13801
13802
13806
13807
13808
13811
13812
13814
13815
13816
13817
13818
13819
13820
13821
13826
13827
13830
13831
13833
13835
13837
13838
13842
13843
13845
13846
13847
13848
13851
13852
13854
13855
13857
13858
13859
13861
13862
13864
13865
13866
13867
13868
13869
13870
13874
13876
13877
13878
13880
13884
13885
13887
13895
13896
13897
13898
13903
13904
13906
13907
13909
13912
13914
13915
13920
13921
13924
13925
13926
13929
13930
13931
13933
13934
13936
13939
13945
13947
13948
13949
13950
13951
13955
13956
13957
13958
13960
13961
13964
13965
13969
13970
13972
13973
13975
13976
13978
13979
13980
13981
13984
13985
13986
13991
13992
13993
13996
13998
13999
14001
14004
14005
14006
14009
14012
14013
14015
14016
14017
14019
14020
14021
14022
14023
14024
14025
14029
14030
14033
14035
14036
14037
14039
14040
14041
14044
14047
14048
14051
14052
14054
14057
14059
14061
14062
14070
14072
14073
14076
14077
14078
14079
14081
14082
14083
14084
14089
14094
14095
14097
14099
14100
14102
14105
14106
14114
14116
14117
14118
14119
14122
14123
14124
14128
14130
14132
14134
14135
14136
14137
14138
14139
14140
14145
14146
14148
14149
14152
14153
14155
14156
14157
14160
14162
14163
14166
14168
14169
14171
14172
14173
14175
14176
14177
14180
14183
14185
14186
14187
14188
14191
14192
14193
14194
14195
14196
14197
14199
14200
14202
14204
14206
14207
14208
14209
14214
14215
14216
14217
14218
14219
14220
14221
14225
14227
14229
14231
14236
14237
14238
14240
14241
14243
14245
14246
14250
14251
14252
14254
14256
14257
14261
14262
14264
14269
14270
14271
14274
14277
14279
14280
14281
14282
14283
14285
14286
14287
14288
14292
14293
14294
14295
14297
14299
14301
14302
14303
14304
14307
14310
14311
14312
14314
14315
14318
14319
14322
14325
14326
14327
14329
14330
14332
14337
14338
14342
14345
14352
14353
14354
14357
14358
14361
14362
14364
14365
14366
14369
14370
14371
14372
14376
14377
14379
14381
14382
14384
14387
14389
14392
14393
14395
14397
14398
14399
14401
14402
14403
14406
14408
14411
14414
14415
14417
14418
14422
14424
14425
14426
14427
14431
14432
14433
14434
14435
14437
14439
14440
14446
14448
14449
14450
14451
14452
14453
14454
14455
14456
14458
14459
14460
14461
14462
14464
14467
14470
14472
14474
14479
14481
14484
14486
14487
14490
14491
14492
14493
14495
14496
14499
14500
14502
14504
14505
14506
14508
14510
14511
14512
14514
14515
14516
14518
14519
14523
14525
14528
14529
14531
14533
14534
14537
14541
14542
14544
14545
14546
14548
14549
14550
14553
14554
14555
14556
14558
14562
14563
14564
14565
14566
14567
14569
14570
14571
14572
14573
14574
14575
14576
14577
14580
14582
14583
14587
14588
14590
14591
14592
14594
14595
14599
14602
14603
14604
14605
14606
14608
14610
14612
14614
14617
14618
14619
14621
14622
14625
14626
14628
14629
14632
14633
14634
14636
14641
14642
14643
14644
14646
14647
14650
14652
14655
14657
14661
14663
14667
14668
14669
14670
14671
14673
14674
14677
14678
14681
14683
14684
14685
14687
14689
14690
14692
14693
14694
14695
14698
14699
14700
14702
14703
14705
14706
14709
14710
14711
14712
14715
14716
14725
14726
14729
14734
14735
14739
14740
14742
14744
14747
14749
14750
14751
14752
14753
14756
14758
14760
14761
14764
14767
14769
14770
14772
14773
14776
14777
14778
14779
14781
14782
14786
14788
14792
14793
14794
14795
14799
14803
14807
14808
14809
14810
14812
14813
14814
14816
14818
14819
14820
14821
14825
14828
14829
14830
14831
14832
14834
14835
14837
14838
14840
14842
14844
14845
14846
14848
14850
14852
14853
14854
14856
14857
14858
14860
14864
14865
14866
14867
14868
14870
14872
14874
14875
14877
14878
14879
14881
14882
14885
14887
14890
14893
14895
14896
14900
14902
14903
14904
14905
14906
14908
14909
14910
14912
14913
14914
14915
14917
14918
14920
14922
14923
14924
14925
14927
14929
14930
14931
14933
14935
14936
14937
14938
14939
14940
14941
14942
14943
14945
14946
14947
14949
14951
14952
14953
14954
14955
14956
14957
14960
14962
14963
14964
14965
14966
14968
14970
14971
14973
14974
14975
14977
14979
14980
14983
14985
14986
14987
14988
14989
14993
14996
14997
14999
15000
15001
15004
15005
15008
15009
15011
15012
15014
15016
15017
15021
15023
15024
15026
15027
15028
15029
15031
15032
15033
15034
15037
15038
15043
15044
15045
15051
15053
15054
15055
15057
15058
15061
15063
15067
15068
15070
15073
15075
15076
15077
15080
15083
15084
15091
15094
15097
15098
15100
15101
15103
15104
15105
15106
15107
15110
15114
15118
15119
15120
15122
15123
15124
15125
15126
15127
15129
15130
15135
15137
15138
15141
15144
15145
15146
15148
15150
15151
15152
15154
15155
15156
15160
15166
15168
15169
15170
15171
15172
15173
15175
15177
15178
15179
15180
15181
15183
15184
15185
15187
15191
15192
15197
15200
15202
15208
15211
15216
15217
15218
15219
15222
15223
15225
15226
15227
15230
15232
15234
15236
15237
15239
15240
15241
15242
15244
15245
15246
15247
15248
15249
15253
15256
15258
15259
15260
15263
15265
15267
15268
15270
15271
15272
15275
15277
15279
15280
15281
15285
15287
15288
15289
15291
15292
15293
15294
15295
15296
15298
15301
15303
15308
15309
15313
15315
15318
15321
15323
15325
15327
15329
15330
15332
15333
15334
15335
15336
15337
15338
15340
15342
15343
15344
15345
15347
15348
15352
15353
15354
15355
15356
15357
15359
15364
15365
15366
15369
15374
15377
15379
15382
15386
15387
15388
15390
15391
15392
15393
15394
15396
15403
15404
15408
15410
15411
15412
15414
15419
15420
15423
15424
15425
15427
15429
15430
15431
15432
15433
15434
15435
15437
15438
15440
15442
15443
15444
15445
15446
15447
15448
15449
15451
15453
15454
15455
15456
15457
15458
15461
15462
15463
15465
15467
15469
15470
15472
15473
15474
15475
15479
15480
15483
15485
15486
15487
15489
15490
15491
15492
15494
15499
15500
15502
15503
15504
15508
15511
15512
15513
15514
15516
15517
15518
15519
15520
15521
15522
15524
15525
15527
15528
15529
15530
15531
15533
15536
15539
15540
15541
15543
15545
15546
15547
15548
15549
15552
15556
15558
15559
15560
15561
15563
15564
15565
15567
15568
15570
15573
15577
15581
15582
15583
15584
15585
15587
15593
15594
15595
15596
15597
15599
15600
15601
15602
15603
15604
15605
15606
15607
15609
15610
15611
15616
15617
15619
15620
15621
15622
15623
15626
15627
15628
15630
15631
15632
15633
15636
15637
15638
15639
15643
15644
15645
15647
15648
15649
15650
15652
15653
15655
15656
15659
15662
15663
15664
15665
15667
15668
15670
15672
15673
15674
15675
15681
15682
15683
15684
15685
15686
15687
15688
15690
15691
15694
15696
15697
15699
15701
15704
15706
15707
15708
15709
15710
15711
15716
15719
15721
15725
15726
15728
15729
15730
15732
15734
15735
15736
15737
15738
15739
15740
15742
15746
15747
15748
15751
15753
15756
15759
15760
15762
15764
15765
15766
15767
15768
15769
15771
15772
15775
15776
15777
15778
15779
15780
15781
15782
15784
15787
15789
15790
15791
15795
15797
15804
15806
15807
15808
15809
15811
15814
15816
15817
15819
15820
15821
15822
15823
15824
15828
15829
15830
15831
15832
15833
15834
15836
15837
15838
15839
15841
15842
15844
15845
15847
15850
15851
15852
15853
15855
15857
15858
15860
15862
15863
15864
15867
15868
15870
15872
15873
15876
15879
15880
15883
15884
15888
15890
15892
15895
15896
15897
15898
15901
15902
15904
15906
15907
15908
15910
15911
15914
15915
15917
15918
15919
15920
15921
15923
15924
15927
15928
15931
15932
15933
15935
15938
15939
15940
15945
15946
15947
15948
15951
15952
15953
15955
15956
15957
15958
15960
15961
15962
15963
15966
15967
15968
15969
15971
15973
15976
15978
15981
15982
15984
15986
15987
15989
15991
15994
15995
15997
15998
15999
16001
16002
16005
16007
16008
16010
16012
16014
16015
16019
16021
16026
16028
16029
16033
16034
16035
16036
16037
16038
16041
16042
16046
16050
16051
16052
16053
16055
16056
16059
16062
16063
16065
16066
16068
16069
16071
16072
16073
16074
16077
16083
16090
16093
16097
16098
16100
16101
16105
16107
16108
16109
16110
16112
16113
16118
16119
16121
16122
16124
16125
16127
16128
16129
16131
16132
16133
16134
16135
16137
16138
16139
16140
16141
16143
16145
16146
16147
16148
16150
16151
16153
16154
16157
16159
16162
16164
16165
16168
16169
16170
16172
16174
16176
16179
16180
16181
16183
16187
16188
16190
16192
16193
16194
16197
16198
16199
16200
16201
16204
16205
16206
16209
16211
16212
16214
16216
16217
16219
16220
16221
16222
16223
16224
16225
16226
16228
16229
16230
16232
16233
16234
16235
16239
16240
16241
16242
16245
16246
16249
16251
16252
16253
16254
16257
16258
16261
16262
16264
16265
16266
16267
16268
16269
16270
16271
16274
16275
16276
16278
16281
16282
16283
16284
16287
16288
16289
16290
16291
16295
16296
16297
16300
16302
16305
16306
16308
16309
16310
16311
16312
16313
16314
16315
16318
16322
16325
16326
16327
16329
16330
16331
16333
16334
16335
16336
16337
16338
16339
16340
16341
16342
16344
16345
16346
16348
16349
16350
16351
16352
16353
16354
16355
16356
16357
16358
16359
16360
16361
16362
16363
16365
16367
16369
16370
16371
16374
16378
16380
16381
16383
16384
16385
16386
16387
16389
16391
16393
16396
16397
16398
16399
16400
16401
16403
16405
16407
16408
16409
16411
16412
16413
16416
16417
16419
16420
16422
16423
16424
16425
16426
16427
16429
16430
16431
16432
16433
16437
16438
16439
16441
16446
16447
16450
16452
16453
16454
16455
16458
16461
16463
16464
16465
16468
16469
16470
16472
16474
16475
16477
16478
16482
16483
16485
16486
16487
16488
16489
16491
16492
16496
16497
16498
16500
16504
16506
16508
16509
16510
16511
16513
16514
16516
16517
16518
16521
16524
16525
16527
16528
16530
16532
16533
16535
16536
16537
16538
16539
16543
16545
16547
16548
16549
16550
16551
16553
16557
16559
16560
16562
16565
16566
16570
16572
16573
16575
16576
16577
16579
16580
16582
16583
16585
16586
16587
16588
16589
16590
16591
16594
16596
16598
16599
16600
16601
16602
16603
16604
16605
16610
16611
16612
16613
16614
16617
16620
16621
16622
16624
16626
16627
16628
16630
16631
16632
16634
16636
16637
16638
16640
16641
16644
16647
16648
16649
16653
16654
16656
16657
16658
16659
16660
16661
16663
16664
16666
16667
16669
16670
16673
16674
16677
16678
16681
16682
16686
16688
16689
16691
16692
16693
16694
16704
16709
16710
16711
16713
16715
16716
16717
16718
16720
16721
16722
16723
16724
16725
16728
16729
16731
16732
16733
16734
16735
16736
16740
16743
16744
16746
16749
16750
16754
16755
16757
16760
16761
16762
16763
16764
16765
16766
16767
16768
16774
16775
16776
16777
16778
16779
16780
16781
16783
16784
16785
16787
16789
16790
16791
16794
16796
16797
16799
16800
16801
16804
16807
16808
16810
16811
16812
16814
16815
16816
16817
16820
16821
16822
16823
16825
16828
16830
16831
16833
16838
16839
16840
16842
16843
16844
16845
16846
16848
16849
16853
16858
16860
16861
16863
16864
16865
16867
16868
16870
16871
16872
16873
16874
16878
16879
16880
16883
16885
16890
16893
16894
16896
16897
16899
16900
16901
16903
16904
16905
16906
16907
16908
16909
16911
16912
16913
16914
16916
16919
16920
16922
16923
16924
16925
16926
16929
16930
16931
16932
16933
16934
16935
16936
16938
16940
16941
16942
16945
16946
16948
16949
16951
16953
16954
16955
16958
16960
16961
16962
16965
16966
16967
16971
16974
16975
16976
16977
16978
16981
16982
16985
16991
16996
16997
17002
17003
17004
17007
17010
17011
17012
17014
17015
17016
17019
17020
17021
17022
17023
17033
17034
17035
17036
17037
17040
17042
17046
17048
17049
17050
17051
17052
17055
17056
17058
17061
17062
17064
17067
17070
17072
17076
17081
17082
17085
17086
17087
17088
17089
17090
17092
17093
17095
17098
17100
17102
17103
17104
17106
17109
17112
17114
17116
17117
17118
17120
17121
17122
17124
17125
17127
17128
17129
17131
17132
17134
17135
17136
17137
17142
17145
17146
17150
17152
17153
17154
17155
17156
17161
17162
17164
17165
17166
17167
17168
17169
17173
17175
17176
17179
17181
17184
17185
17186
17190
17191
17192
17196
17197
17198
17200
17201
17203
17204
17207
17209
17211
17212
17214
17216
17218
17220
17224
17227
17228
17230
17235
17236
17237
17239
17240
17241
17243
17244
17246
17250
17251
17252
17253
17256
17257
17259
17260
17262
17264
17265
17267
17268
17269
17270
17271
17272
17275
17276
17277
17280
17282
17283
17286
17287
17288
17290
17293
17294
17296
17297
17300
17301
17302
17305
17306
17307
17309
17310
17311
17313
17314
17316
17317
17320
17321
17322
17323
17324
17325
17329
17330
17332
17333
17336
17337
17340
17341
17342
17343
17344
17346
17347
17348
17350
17351
17353
17354
17356
17357
17358
17359
17362
17364
17365
17367
17369
17372
17375
17376
17377
17378
17381
17385
17386
17387
17388
17389
17390
17391
17392
17394
17399
17401
17402
17403
17407
17408
17412
17413
17414
17415
17416
17418
17419
17421
17422
17425
17426
17427
17428
17429
17433
17436
17437
17438
17441
17442
17446
17447
17449
17450
17451
17452
17455
17456
17457
17458
17460
17463
17464
17465
17466
17467
17469
17470
17471
17472
17473
17476
17477
17479
17480
17481
17482
17483
17484
17485
17487
17488
17492
17494
17497
17501
17502
17503
17504
17505
17506
17507
17509
17511
17513
17515
17517
17518
17519
17520
17521
17523
17526
17531
17533
17536
17537
17538
17540
17544
17545
17546
17547
17548
17549
17550
17551
17554
17555
17556
17557
17560
17561
17566
17567
17570
17571
17572
17575
17576
17577
17578
17579
17581
17582
17586
17591
17592
17595
17598
17600
17601
17602
17605
17607
17608
17611
17612
17613
17614
17616
17618
17619
17621
17622
17625
17627
17628
17631
17632
17634
17635
17636
17638
17640
17641
17642
17644
17645
17648
17650
17651
17652
17653
17654
17655
17658
17659
17662
17663
17664
17665
17667
17669
17672
17674
17676
17677
17678
17681
17685
17686
17687
17688
17690
17691
17693
17694
17696
17697
17698
17699
17700
17705
17706
17708
17709
17710
17711
17713
17714
17715
17716
17718
17719
17721
17724
17727
17729
17731
17732
17733
17734
17738
17739
17741
17742
17744
17745
17746
17748
17749
17750
17751
17753
17756
17757
17760
17761
17763
17764
17765
17766
17771
17773
17775
17777
17778
17779
17782
17783
17785
17786
17787
17789
17791
17792
17796
17797
17798
17800
17801
17802
17803
17806
17807
17808
17811
17812
17814
17815
17816
17817
17819
17820
17824
17825
17827
17829
17830
17834
17836
17839
17841
17842
17843
17849
17850
17852
17855
17856
17857
17858
17859
17860
17862
17863
17866
17867
17868
17869
17870
17873
17875
17881
17883
17884
17886
17887
17888
17890
17892
17893
17894
17896
17899
17901
17908
17909
17911
17912
17913
17915
17916
17917
17919
17920
17921
17923
17924
17925
17927
17928
17929
17933
17937
17940
17941
17947
17948
17949
17950
17952
17953
17956
17957
17959
17962
17964
17965
17968
17969
17970
17972
17973
17976
17977
17980
17984
17986
17987
17988
17989
17992
17993
17994
17997
17998
17999
18000
18004
18005
18006
18007
18008
18009
18010
18014
18015
18016
18018
18019
18020
18021
18024
18025
18026
18033
18035
18037
18041
18044
18045
18046
18048
18050
18052
18053
18057
18058
18059
18061
18062
18063
18064
18068
18070
18073
18074
18076
18081
18083
18084
18086
18089
18090
18092
18093
18095
18096
18098
18099
18100
18101
18102
18105
18107
18108
18110
18112
18113
18114
18116
18117
18118
18123
18125
18126
18127
18128
18129
18135
18138
18139
18140
18141
18142
18144
18148
18149
18150
18151
18156
18158
18160
18161
18164
18165
18166
18167
18168
18169
18170
18173
18175
18176
18177
18179
18180
18181
18183
18184
18186
18187
18189
18193
18194
18195
18196
18199
18200
18203
18205
18206
18207
18210
18211
18212
18213
18214
18215
18221
18223
18224
18225
18226
18227
18229
18230
18231
18235
18240
18241
18243
18248
18252
18253
18254
18255
18256
18259
18260
18262
18263
18265
18266
18267
18268
18269
18270
18271
18273
18274
18275
18276
18282
18283
18284
18287
18288
18289
18290
18291
18292
18293
18296
18297
18298
18299
18300
18301
18302
18303
18304
18305
18307
18312
18314
18316
18317
18319
18320
18321
18322
18323
18324
18326
18329
18330
18333
18334
18335
18336
18337
18339
18340
18344
18346
18348
18349
18353
18354
18355
18356
18357
18358
18359
18361
18366
18367
18369
18370
18372
18374
18375
18376
18377
18378
18380
18382
18383
18384
18386
18387
18391
18394
18395
18396
18397
18398
18399
18400
18401
18402
18403
18404
18405
18406
18407
18411
18413
18415
18417
18421
18422
18423
18425
18426
18427
18428
18429
18431
18435
18436
18438
18439
18440
18442
18443
18444
18445
18447
18448
18449
18450
18451
18453
18457
18459
18461
18462
18463
18464
18465
18469
18473
18474
18476
18480
18485
18486
18488
18490
18493
18494
18498
18499
18500
18503
18504
18506
18507
18510
18511
18512
18513
18514
18515
18516
18517
18518
18523
18524
18525
18530
18533
18535
18537
18538
18540
18541
18545
18547
18550
18552
18555
18557
18559
18562
18563
18564
18565
18566
18567
18568
18569
18570
18571
18576
18577
18579
18583
18584
18588
18589
18590
18591
18592
18594
18595
18596
18597
18598
18599
18602
18604
18605
18606
18607
18608
18611
18613
18621
18623
18624
18626
18628
18630
18631
18632
18633
18637
18638
18639
18640
18641
18642
18644
18646
18647
18648
18649
18650
18651
18653
18654
18655
18660
18666
18667
18668
18669
18671
18673
18674
18675
18677
18679
18682
18683
18685
18686
18687
18688
18691
18693
18695
18696
18697
18698
18699
18700
18703
18706
18707
18711
18712
18713
18716
18718
18723
18724
18728
18729
18732
18734
18739
18740
18741
18742
18743
18747
18749
18750
18751
18753
18754
18764
18765
18766
18767
18772
18773
18774
18775
18776
18777
18780
18785
18788
18791
18792
18794
18799
18800
18802
18803
18804
18805
18806
18807
18808
18812
18813
18815
18817
18820
18821
18822
18823
18824
18825
18827
18828
18829
18832
18834
18837
18840
18841
18842
18843
18846
18847
18849
18850
18852
18853
18855
18860
18861
18862
18864
18868
18869
18870
18872
18878
18879
18880
18881
18882
18883
18884
18886
18888
18889
18890
18892
18893
18895
18896
18897
18900
18902
18903
18904
18905
18906
18907
18909
18911
18917
18918
18921
18923
18924
18925
18928
18930
18931
18932
18933
18934
18936
18938
18939
18943
18944
18945
18947
18950
18951
18952
18953
18955
18959
18960
18961
18962
18964
18967
18970
18972
18974
18975
18976
18977
18981
18982
18983
18984
18985
18987
18988
18993
18994
18996
18998
18999
19000
19003
19004
19005
19006
19007
19008
19009
19014
19015
19017
19019
19020
19021
19022
19027
19029
19036
19037
19038
19041
19045
19046
19048
19049
19050
19051
19052
19053
19054
19056
19060
19062
19063
19065
19066
19068
19070
19071
19073
19074
19075
19076
19081
19082
19085
19086
19087
19088
19093
19095
19096
19104
19106
19108
19109
19110
19111
19116
19117
19119
19123
19125
19127
19128
19129
19130
19134
19135
19136
19142
19143
19144
19145
19147
19148
19149
19150
19151
19152
19153
19159
19160
19162
19164
19167
19169
19170
19171
19173
19175
19180
19182
19183
19185
19187
19192
19193
19194
19195
19196
19197
19199
19200
19201
19202
19204
19206
19209
19211
19213
19214
19215
19217
19219
19221
19222
19223
19224
19227
19228
19232
19236
19237
19239
19240
19241
19244
19246
19248
19249
19252
19253
19254
19256
19257
19259
19261
19263
19268
19269
19270
19271
19273
19277
19279
19280
19285
19287
19292
19295
19296
19297
19298
19299
19300
19303
19304
19305
19306
19307
19308
19310
19311
19313
19314
19315
19317
19318
19321
19322
19323
19325
19326
19327
19328
19329
19331
19332
19333
19337
19338
19340
19346
19347
19349
19350
19352
19353
19356
19357
19358
19360
19361
19364
19367
19368
19369
19370
19371
19372
19373
19374
19376
19377
19380
19381
19382
19383
19385
19387
19388
19389
19390
19392
19393
19394
19396
19397
19398
19400
19401
19407
19409
19410
19411
19412
19416
19420
19424
19425
19426
19427
19432
19433
19434
19437
19440
19443
19444
19445
19446
19450
19451
19452
19453
19455
19458
19459
19460
19463
19465
19466
19467
19468
19470
19476
19477
19478
19479
19480
19482
19483
19484
19485
19486
19487
19489
19490
19491
19494
19495
19496
19497
19499
19500
19503
19504
19505
19512
19513
19516
19519
19520
19531
19532
19533
19535
19537
19538
19540
19541
19542
19544
19548
19549
19550
19552
19554
19555
19556
19557
19558
19559
19561
19562
19563
19564
19567
19569
19570
19571
19572
19575
19577
19579
19580
19581
19582
19586
19587
19590
19594
19596
19599
19600
19601
19602
19603
19604
19606
19607
19609
19610
19611
19612
19613
19618
19619
19620
19624
19626
19627
19630
19633
19636
19644
19645
19646
19648
19649
19650
19651
19653
19658
19659
19660
19661
19662
19663
19664
19665
19667
19668
19670
19671
19672
19673
19675
19676
19677
19678
19681
19682
19683
19684
19685
19687
19688
19692
19693
19694
19697
19701
19703
19705
19708
19709
19711
19714
19715
19718
19719
19720
19722
19725
19726
19730
19731
19732
19733
19735
19736
19739
19740
19743
19748
19749
19755
19757
19759
19761
19762
19763
19765
19766
19767
19768
19770
19774
19776
19777
19778
19780
19782
19787
19788
19789
19790
19794
19795
19798
19802
19804
19807
19808
19809
19810
19811
19812
19813
19815
19819
19820
19821
19823
19824
19825
19826
19827
19828
19830
19831
19832
19833
19837
19841
19844
19845
19846
19847
19851
19854
19855
19856
19857
19858
19861
19862
19864
19867
19870
19871
19872
19873
19875
19876
19877
19880
19881
19882
19884
19886
19888
19889
19890
19891
19892
19894
19895
19897
19898
19900
19902
19904
19907
19912
19913
19915
19916
19917
19918
19924
19927
19929
19930
19931
19932
19934
19936
19937
19938
19940
19941
19942
19943
19944
19945
19947
19948
19951
19952
19953
19954
19955
19957
19958
19959
19961
19963
19966
19968
19970
19971
19973
19976
19978
19979
19980
19983
19985
19987
19988
19989
19990
19991
19992
19993
19994
19995
19997
19998
