40000
40002
40003
40006
40007
40011
40013
40014
40017
40018
40020
40021
40022
40023
40024
40025
40026
40027
40029
40032
40033
40035
40038
40039
40040
40041
40045
40046
40049
40050
40051
40052
40053
40054
40055
40056
40061
40062
40064
40066
40068
40070
40071
40073
40076
40083
40086
40087
40089
40091
40092
40093
40094
40097
40098
40101
40102
40104
40105
40107
40108
40110
40111
40112
40113
40114
40116
40119
40120
40121
40122
40127
40130
40133
40134
40135
40136
40137
40138
40140
40142
40144
40146
40147
40149
40150
40156
40157
40158
40159
40160
40165
40166
40168
40171
40172
40173
40175
40176
40177
40179
40180
40181
40182
40184
40185
40187
40188
40189
40191
40194
40195
40196
40199
40202
40203
40205
40206
40207
40209
40210
40211
40212
40213
40215
40216
40220
40222
40223
40225
40226
40228
40232
40233
40235
40237
40238
40241
40242
40243
40246
40247
40248
40249
40250
40254
40258
40259
40261
40262
40264
40265
40267
40268
40269
40270
40273
40274
40275
40278
40279
40282
40283
40284
40285
40286
40287
40289
40290
40291
40293
40294
40296
40297
40298
40301
40302
40306
40307
40309
40311
40312
40313
40315
40316
40318
40320
40321
40322
40323
40324
40326
40329
40333
40334
40336
40339
40341
40348
40349
40350
40351
40352
40354
40357
40359
40360
40361
40363
40365
40366
40368
40372
40373
40374
40375
40377
40381
40382
40383
40384
40385
40386
40387
40388
40389
40390
40393
40397
40398
40399
40400
40401
40402
40403
40405
40406
40408
40409
40410
40411
40412
40414
40417
40418
40420
40421
40422
40425
40427
40428
40430
40431
40432
40433
40435
40437
40438
40439
40440
40441
40442
40445
40448
40449
40450
40453
40454
40455
40457
40458
40459
40460
40462
40466
40467
40468
40470
40474
40475
40476
40478
40481
40482
40484
40486
40487
40488
40489
40492
40493
40496
40500
40501
40502
40503
40504
40509
40511
40514
40517
40518
40522
40525
40527
40528
40529
40530
40531
40533
40534
40535
40537
40538
40539
40542
40544
40545
40547
40548
40550
40552
40553
40554
40555
40556
40557
40558
40559
40560
40562
40563
40564
40565
40566
40567
40569
40570
40572
40574
40577
40579
40580
40581
40582
40587
40590
40592
40593
40595
40598
40600
40605
40606
40612
40613
40614
40617
40619
40621
40622
40623
40624
40627
40628
40629
40632
40634
40637
40638
40640
40642
40643
40645
40648
40649
40652
40656
40657
40662
40663
40664
40665
40666
40667
40668
40672
40673
40677
40678
40679
40680
40683
40684
40685
40687
40689
40691
40692
40693
40695
40696
40698
40701
40702
40704
40705
40708
40709
40711
40712
40713
40715
40716
40720
40721
40722
40723
40724
40725
40728
40729
40730
40731
40732
40733
40734
40735
40737
40739
40742
40743
40744
40745
40747
40749
40753
40754
40755
40758
40759
40760
40763
40764
40765
40767
40768
40769
40770
40771
40774
40775
40777
40779
40780
40782
40783
40786
40787
40788
40791
40793
40795
40797
40798
40801
40803
40804
40809
40810
40812
40815
40817
40818
40820
40823
40825
40826
40827
40828
40830
40831
40832
40833
40836
40840
40841
40845
40847
40850
40856
40863
40864
40866
40867
40868
40869
40872
40873
40876
40877
40878
40879
40881
40883
40884
40887
40889
40890
40891
40894
40896
40897
40898
40900
40901
40902
40904
40905
40907
40908
40909
40911
40912
40913
40916
40920
40922
40923
40924
40926
40930
40932
40933
40935
40939
40940
40941
40944
40948
40951
40953
40957
40959
40960
40963
40964
40966
40967
40969
40970
40971
40973
40974
40975
40976
40980
40981
40982
40990
40994
40995
40997
40998
41000
41003
41004
41005
41006
41007
41009
41011
41015
41016
41017
41018
41019
41020
41023
41026
41027
41029
41031
41033
41034
41036
41038
41040
41041
41042
41043
41044
41045
41046
41047
41048
41052
41054
41055
41056
41058
41059
41060
41061
41063
41064
41065
41067
41068
41070
41072
41073
41074
41075
41077
41078
41079
41080
41081
41083
41084
41085
41090
41091
41095
41096
41097
41099
41100
41101
41102
41104
41105
41106
41108
41109
41111
41112
41114
41115
41116
41121
41122
41126
41127
41128
41130
41131
41132
41133
41134
41135
41139
41141
41144
41145
41146
41147
41148
41150
41151
41155
41156
41157
41159
41160
41165
41167
41169
41170
41171
41172
41173
41175
41176
41178
41179
41180
41181
41182
41183
41184
41185
41188
41189
41191
41195
41196
41197
41198
41202
41203
41204
41207
41208
41211
41212
41214
41215
41217
41218
41219
41221
41222
41224
41225
41226
41227
41228
41231
41232
41233
41234
41236
41237
41238
41239
41240
41241
41242
41243
41246
41249
41250
41251
41252
41254
41261
41262
41264
41265
41266
41267
41268
41271
41272
41273
41275
41276
41277
41278
41279
41281
41283
41284
41286
41287
41288
41290
41291
41292
41294
41296
41297
41300
41301
41302
41304
41305
41307
41310
41311
41313
41314
41315
41316
41317
41318
41319
41320
41321
41322
41324
41325
41327
41329
41330
41333
41335
41339
41340
41341
41342
41344
41345
41349
41351
41352
41353
41355
41357
41360
41361
41364
41365
41372
41373
41374
41384
41385
41389
41390
41393
41395
41396
41401
41404
41405
41406
41407
41408
41409
41410
41411
41412
41414
41415
41416
41417
41418
41421
41422
41423
41425
41427
41428
41429
41430
41432
41435
41436
41439
41441
41442
41445
41446
41448
41450
41451
41452
41453
41455
41457
41460
41461
41462
41463
41465
41466
41467
41468
41469
41470
41471
41475
41476
41479
41481
41482
41483
41484
41485
41486
41488
41490
41494
41495
41496
41498
41501
41503
41504
41505
41506
41507
41514
41515
41516
41517
41518
41519
41520
41522
41525
41526
41527
41529
41533
41534
41535
41536
41537
41539
41542
41543
41546
41548
41550
41555
41556
41557
41558
41560
41561
41562
41563
41564
41567
41568
41569
41571
41573
41575
41576
41580
41581
41582
41584
41586
41589
41593
41595
41596
41597
41598
41600
41601
41602
41603
41604
41607
41608
41611
41612
41617
41619
41620
41621
41623
41624
41625
41628
41629
41631
41632
41634
41635
41636
41637
41639
41640
41641
41643
41645
41646
41647
41648
41649
41650
41651
41652
41654
41655
41656
41660
41663
41665
41666
41667
41669
41671
41674
41678
41679
41680
41682
41683
41685
41688
41692
41694
41695
41696
41697
41700
41701
41702
41703
41704
41707
41708
41709
41710
41711
41712
41713
41714
41715
41716
41717
41718
41720
41722
41728
41729
41730
41731
41732
41733
41735
41736
41737
41738
41740
41741
41742
41744
41745
41746
41748
41749
41750
41752
41753
41754
41755
41756
41757
41759
41760
41764
41766
41767
41768
41769
41770
41771
41772
41773
41774
41778
41781
41782
41786
41787
41789
41790
41791
41792
41793
41794
41795
41796
41798
41800
41801
41802
41805
41806
41809
41810
41812
41813
41814
41817
41818
41819
41820
41821
41822
41823
41824
41825
41827
41828
41829
41830
41831
41832
41837
41839
41843
41845
41846
41847
41848
41849
41851
41853
41854
41855
41856
41857
41860
41861
41862
41864
41865
41870
41872
41878
41882
41883
41884
41886
41889
41893
41895
41898
41899
41900
41902
41904
41905
41906
41908
41909
41910
41912
41914
41916
41920
41922
41925
41929
41931
41933
41935
41936
41937
41940
41941
41942
41943
41944
41945
41946
41948
41951
41955
41959
41960
41967
41968
41972
41973
41974
41976
41977
41978
41979
41980
41981
41982
41983
41984
41985
41986
41990
41992
41993
41995
41996
41998
41999
42000
42002
42003
42004
42005
42006
42012
42014
42015
42017
42018
42019
42020
42021
42024
42028
42029
42030
42031
42032
42033
42036
42039
42040
42041
42042
42043
42044
42046
42047
42048
42049
42050
42051
42055
42059
42062
42065
42066
42068
42069
42071
42073
42074
42077
42079
42081
42082
42084
42085
42086
42087
42088
42090
42091
42093
42095
42097
42098
42099
42102
42105
42106
42108
42109
42116
42117
42120
42124
42126
42127
42128
42129
42130
42132
42136
42138
42139
42141
42142
42143
42145
42146
42147
42148
42149
42151
42152
42153
42154
42155
42156
42158
42159
42160
42163
42166
42169
42171
42173
42174
42175
42177
42179
42180
42181
42183
42184
42186
42187
42188
42193
42196
42197
42198
42199
42202
42204
42205
42208
42209
42212
42213
42214
42215
42216
42217
42218
42219
42221
42223
42225
42226
42227
42229
42230
42234
42236
42238
42240
42242
42251
42252
42253
42254
42258
42259
42260
42263
42265
42268
42271
42272
42274
42276
42279
42281
42283
42286
42289
42290
42292
42295
42296
42298
42299
42304
42307
42309
42311
42313
42314
42315
42316
42317
42319
42323
42324
42325
42326
42328
42329
42330
42332
42333
42334
42336
42337
42338
42339
42340
42342
42343
42344
42347
42348
42349
42351
42352
42354
42355
42357
42358
42360
42362
42363
42364
42367
42368
42372
42374
42377
42378
42379
42380
42381
42382
42384
42386
42392
42395
42396
42397
42398
42401
42403
42405
42407
42408
42409
42410
42412
42415
42417
42418
42423
42425
42428
42429
42431
42434
42435
42437
42439
42440
42441
42442
42444
42447
42448
42449
42450
42451
42452
42455
42456
42457
42458
42460
42461
42463
42466
42468
42469
42470
42472
42473
42474
42475
42476
42477
42478
42479
42482
42484
42485
42486
42487
42488
42491
42492
42493
42494
42495
42496
42499
42505
42506
42507
42508
42511
42513
42515
42517
42518
42519
42520
42523
42524
42525
42526
42527
42530
42531
42532
42535
42539
42541
42542
42544
42545
42550
42551
42552
42553
42557
42562
42563
42565
42566
42567
42569
42571
42572
42574
42577
42578
42579
42580
42581
42585
42588
42589
42590
42591
42593
42594
42596
42598
42599
42600
42601
42603
42604
42606
42608
42609
42610
42611
42612
42614
42616
42618
42619
42620
42621
42622
42624
42626
42627
42630
42634
42635
42636
42641
42642
42646
42648
42650
42652
42654
42655
42657
42659
42660
42663
42664
42665
42666
42667
42671
42672
42675
42676
42679
42681
42682
42683
42684
42689
42692
42695
42698
42699
42700
42702
42703
42704
42705
42707
42709
42710
42714
42718
42720
42721
42722
42723
42724
42727
42728
42729
42731
42733
42734
42738
42739
42741
42744
42745
42747
42748
42750
42751
42752
42757
42759
42760
42761
42764
42765
42766
42768
42772
42776
42779
42782
42784
42790
42792
42794
42796
42797
42798
42799
42803
42805
42813
42814
42815
42817
42818
42819
42822
42823
42825
42829
42830
42832
42833
42835
42836
42838
42842
42846
42848
42850
42851
42852
42854
42856
42857
42858
42859
42861
42862
42865
42867
42870
42871
42874
42875
42877
42878
42879
42880
42881
42884
42885
42886
42887
42888
42889
42890
42891
42893
42895
42897
42901
42902
42904
42905
42907
42908
42909
42910
42914
42915
42917
42918
42920
42922
42923
42924
42928
42929
42930
42931
42932
42933
42935
42938
42939
42941
42943
42944
42947
42948
42949
42952
42953
42956
42962
42963
42964
42967
42970
42975
42979
42981
42984
42986
42987
42989
42990
42994
42995
42996
42997
42998
43000
43003
43004
43005
43006
43007
43011
43012
43014
43016
43018
43022
43023
43024
43026
43027
43032
43033
43036
43044
43045
43050
43051
43056
43057
43058
43059
43060
43061
43065
43066
43069
43070
43071
43072
43073
43074
43076
43077
43078
43079
43080
43081
43087
43089
43091
43094
43095
43096
43097
43099
43101
43102
43104
43106
43108
43109
43111
43112
43113
43114
43116
43118
43119
43120
43121
43122
43124
43126
43127
43128
43129
43130
43131
43138
43140
43141
43143
43144
43145
43146
43149
43150
43151
43152
43153
43154
43155
43156
43157
43158
43159
43161
43162
43164
43167
43168
43169
43170
43171
43173
43174
43176
43178
43179
43180
43182
43184
43185
43187
43188
43190
43191
43195
43196
43198
43199
43200
43202
43205
43206
43209
43210
43212
43215
43217
43220
43223
43224
43228
43232
43237
43238
43239
43242
43243
43244
43248
43249
43250
43251
43253
43257
43258
43260
43262
43263
43264
43267
43268
43269
43270
43271
43275
43277
43281
43284
43285
43287
43289
43290
43292
43293
43296
43297
43302
43303
43304
43309
43312
43314
43316
43317
43318
43320
43321
43322
43325
43326
43329
43330
43331
43332
43333
43334
43335
43337
43338
43342
43344
43346
43347
43348
43349
43351
43352
43354
43356
43357
43358
43361
43362
43364
43368
43369
43370
43372
43374
43379
43382
43383
43385
43386
43387
43388
43389
43390
43391
43392
43394
43397
43398
43399
43401
43403
43404
43406
43407
43410
43412
43416
43419
43420
43421
43422
43424
43428
43433
43434
43435
43436
43437
43438
43439
43440
43441
43443
43444
43445
43446
43447
43448
43450
43452
43453
43454
43455
43456
43457
43460
43462
43463
43464
43465
43466
43467
43468
43469
43470
43473
43475
43478
43479
43481
43484
43486
43487
43490
43492
43493
43494
43495
43498
43501
43503
43508
43509
43510
43512
43513
43514
43515
43516
43518
43519
43520
43522
43523
43524
43525
43527
43529
43530
43531
43532
43534
43538
43539
43540
43541
43542
43543
43546
43547
43548
43549
43551
43552
43553
43555
43557
43558
43559
43560
43561
43562
43563
43564
43565
43566
43572
43573
43574
43575
43576
43578
43579
43580
43581
43582
43583
43584
43585
43586
43587
43588
43589
43590
43592
43593
43594
43595
43596
43597
43598
43600
43601
43602
43603
43607
43610
43613
43614
43615
43618
43619
43620
43621
43622
43623
43625
43626
43628
43631
43632
43633
43634
43635
43636
43637
43638
43639
43640
43641
43643
43645
43651
43652
43658
43659
43660
43661
43662
43665
43666
43667
43668
43670
43672
43676
43679
43680
43683
43684
43685
43686
43687
43689
43691
43692
43695
43697
43699
43700
43702
43704
43706
43707
43708
43709
43711
43712
43714
43715
43716
43718
43719
43722
43727
43728
43733
43735
43738
43739
43741
43742
43743
43744
43745
43746
43747
43749
43750
43752
43757
43758
43759
43760
43763
43768
43772
43773
43783
43784
43785
43788
43789
43790
43792
43794
43802
43803
43804
43805
43808
43811
43814
43816
43818
43821
43824
43827
43828
43829
43831
43832
43833
43834
43838
43839
43842
43843
43844
43845
43846
43847
43849
43851
43852
43854
43856
43857
43858
43859
43860
43862
43863
43865
43866
43867
43868
43869
43870
43873
43878
43880
43881
43882
43883
43884
43886
43888
43891
43893
43894
43895
43898
43899
43900
43903
43907
43909
43910
43911
43912
43915
43917
43919
43921
43922
43923
43924
43926
43927
43928
43930
43933
43935
43936
43937
43938
43940
43943
43944
43945
43946
43947
43948
43953
43954
43956
43957
43959
43961
43962
43964
43965
43966
43967
43968
43969
43970
43972
43974
43976
43977
43979
43980
43981
43983
43984
43985
43986
43987
43988
43989
43990
43991
43992
43994
43999
44000
44001
44005
44006
44009
44012
44013
44015
44017
44019
44021
44022
44023
44025
44032
44033
44035
44037
44039
44041
44042
44043
44044
44045
44046
44049
44051
44052
44054
44055
44057
44059
44061
44063
44064
44066
44068
44070
44071
44074
44075
44078
44079
44085
44086
44087
44088
44089
44090
44093
44095
44096
44097
44099
44100
44101
44104
44105
44106
44108
44109
44110
44111
44113
44115
44117
44118
44119
44122
44123
44124
44126
44128
44130
44131
44133
44135
44137
44138
44142
44144
44145
44146
44148
44149
44151
44152
44153
44154
44156
44157
44159
44160
44162
44163
44164
44167
44170
44171
44172
44173
44174
44179
44180
44182
44184
44186
44187
44190
44191
44195
44196
44198
44200
44203
44205
44206
44208
44212
44213
44214
44216
44217
44219
44223
44225
44226
44227
44228
44229
44231
44232
44233
44234
44235
44237
44240
44243
44244
44245
44250
44252
44258
44259
44260
44261
44262
44263
44264
44266
44267
44269
44270
44271
44272
44275
44276
44278
44279
44281
44282
44283
44284
44287
44288
44290
44291
44292
44293
44295
44296
44298
44299
44301
44302
44303
44305
44306
44312
44313
44314
44316
44317
44318
44321
44322
44323
44324
44325
44326
44327
44330
44331
44333
44335
44337
44346
44347
44348
44349
44351
44352
44353
44354
44359
44360
44362
44365
44366
44371
44372
44374
44375
44378
44382
44383
44385
44387
44389
44390
44392
44393
44394
44395
44398
44399
44400
44401
44403
44404
44406
44408
44414
44415
44417
44419
44420
44421
44422
44423
44424
44425
44427
44431
44432
44434
44436
44438
44439
44441
44443
44445
44450
44456
44457
44463
44464
44466
44470
44471
44472
44474
44476
44479
44482
44483
44485
44486
44487
44491
44492
44493
44494
44498
44500
44502
44503
44505
44506
44507
44510
44515
44518
44519
44520
44522
44523
44526
44527
44528
44529
44531
44533
44534
44537
44538
44541
44542
44544
44545
44546
44547
44548
44549
44552
44554
44555
44557
44560
44561
44562
44563
44564
44566
44568
44569
44570
44571
44572
44573
44575
44578
44581
44582
44583
44584
44585
44586
44588
44589
44591
44592
44593
44595
44596
44597
44598
44599
44601
44603
44605
44606
44607
44609
44610
44612
44615
44616
44619
44620
44621
44623
44624
44625
44626
44630
44632
44634
44635
44636
44637
44639
44640
44642
44643
44644
44645
44646
44648
44649
44650
44651
44652
44656
44659
44661
44662
44664
44666
44667
44670
44671
44672
44673
44676
44678
44679
44681
44682
44684
44685
44689
44690
44691
44693
44694
44695
44697
44700
44701
44702
44705
44706
44707
44708
44709
44712
44713
44716
44718
44720
44721
44723
44725
44727
44729
44732
44733
44735
44736
44737
44738
44740
44742
44743
44744
44745
44746
44747
44748
44750
44752
44754
44756
44758
44761
44762
44763
44764
44767
44769
44770
44771
44772
44773
44774
44777
44778
44779
44780
44782
44783
44788
44790
44791
44793
44794
44795
44796
44799
44800
44801
44803
44804
44811
44813
44814
44815
44817
44818
44819
44822
44823
44824
44827
44828
44829
44832
44834
44836
44837
44839
44841
44842
44843
44844
44845
44847
44848
44849
44850
44854
44855
44856
44857
44858
44859
44860
44861
44862
44863
44864
44865
44866
44867
44868
44869
44870
44872
44874
44876
44877
44878
44880
44883
44885
44889
44892
44894
44896
44897
44899
44901
44902
44904
44905
44907
44911
44914
44915
44916
44917
44918
44919
44921
44924
44927
44930
44931
44932
44934
44937
44938
44940
44941
44942
44944
44945
44948
44950
44951
44952
44953
44954
44956
44957
44960
44961
44963
44964
44966
44967
44969
44970
44971
44974
44975
44977
44980
44982
44983
44984
44987
44989
44990
44992
44994
44995
44996
44997
44998
44999
45000
45002
45003
45004
45005
45006
45007
45009
45010
45011
45012
45013
45014
45016
45017
45018
45022
45023
45026
45029
45034
45035
45036
45037
45040
45044
45049
45051
45052
45053
45054
45056
45057
45059
45060
45065
45067
45068
45069
45072
45074
45077
45081
45084
45085
45087
45088
45089
45092
45093
45094
45096
45098
45099
45100
45106
45107
45108
45109
45110
45111
45113
45114
45117
45119
45120
45121
45122
45123
45124
45126
45127
45129
45131
45132
45133
45134
45138
45140
45141
45142
45143
45144
45145
45147
45149
45150
45151
45152
45153
45154
45155
45158
45161
45165
45166
45168
45173
45175
45176
45177
45178
45179
45181
45183
45185
45187
45190
45191
45192
45193
45196
45198
45200
45201
45204
45205
45209
45210
45211
45212
45213
45215
45216
45217
45218
45223
45230
45231
45232
45233
45234
45235
45242
45243
45244
45249
45250
45251
45252
45257
45258
45263
45264
45265
45266
45269
45270
45271
45272
45276
45278
45279
45282
45284
45285
45288
45291
45292
45293
45295
45296
45298
45301
45306
45308
45309
45310
45312
45313
45315
45316
45321
45322
45323
45326
45327
45328
45329
45330
45332
45333
45334
45335
45337
45340
45343
45344
45345
45348
45349
45350
45351
45352
45355
45356
45359
45360
45361
45363
45364
45365
45369
45370
45374
45376
45377
45378
45379
45381
45382
45385
45386
45387
45388
45389
45390
45393
45397
45398
45399
45400
45402
45406
45408
45410
45412
45413
45415
45418
45419
45423
45426
45427
45429
45430
45431
45433
45434
45435
45436
45438
45439
45440
45441
45443
45444
45446
45449
45450
45451
45452
45453
45454
45455
45457
45458
45459
45460
45461
45462
45463
45464
45465
45468
45469
45471
45472
45473
45476
45477
45478
45479
45480
45481
45482
45483
45484
45486
45488
45489
45492
45493
45494
45495
45496
45504
45506
45509
45510
45512
45513
45514
45515
45516
45517
45521
45522
45524
45526
45527
45529
45530
45533
45534
45535
45536
45540
45543
45544
45545
45546
45549
45550
45551
45552
45553
45554
45555
45557
45558
45560
45561
45565
45567
45569
45573
45574
45575
45577
45581
45584
45588
45590
45592
45593
45594
45595
45597
45599
45601
45607
45608
45610
45611
45612
45615
45618
45619
45620
45626
45627
45630
45632
45634
45638
45643
45645
45647
45649
45651
45653
45654
45655
45657
45659
45663
45664
45665
45666
45669
45671
45673
45674
45678
45680
45681
45683
45684
45686
45687
45688
45689
45693
45695
45696
45697
45700
45701
45702
45703
45704
45706
45712
45713
45716
45718
45719
45720
45721
45723
45724
45726
45727
45729
45730
45731
45732
45733
45735
45736
45738
45741
45742
45745
45747
45748
45749
45750
45751
45752
45753
45754
45756
45757
45759
45765
45767
45768
45769
45770
45771
45772
45774
45776
45777
45778
45780
45784
45785
45787
45788
45789
45791
45793
45794
45795
45797
45799
45800
45801
45804
45805
45807
45808
45810
45811
45812
45813
45814
45816
45818
45820
45822
45823
45825
45826
45828
45831
45832
45834
45836
45837
45838
45839
45842
45845
45848
45850
45851
45853
45856
45858
45859
45860
45862
45863
45864
45867
45869
45870
45873
45874
45877
45879
45881
45882
45885
45886
45889
45891
45892
45894
45896
45897
45898
45900
45902
45903
45905
45906
45907
45908
45910
45911
45913
45914
45917
45921
45922
45923
45924
45927
45928
45929
45932
45933
45934
45938
45939
45941
45942
45943
45944
45946
45948
45949
45950
45951
45952
45953
45954
45955
45960
45965
45966
45967
45968
45969
45970
45971
45972
45973
45974
45975
45976
45977
45978
45979
45982
45983
45984
45986
45987
45990
45991
45992
45993
45997
45998
45999
46001
46006
46010
46013
46014
46016
46018
46019
46021
46023
46024
46026
46028
46030
46035
46036
46037
46038
46040
46042
46043
46044
46045
46047
46048
46050
46051
46052
46055
46057
46060
46063
46065
46067
46069
46073
46077
46083
46087
46088
46089
46090
46092
46095
46098
46101
46103
46104
46105
46107
46109
46112
46113
46114
46115
46116
46118
46120
46123
46125
46129
46132
46134
46136
46139
46140
46143
46144
46145
46148
46150
46152
46153
46155
46156
46157
46161
46163
46164
46165
46167
46169
46170
46172
46173
46175
46176
46180
46181
46184
46185
46186
46187
46188
46192
46193
46194
46195
46196
46203
46204
46205
46206
46210
46212
46214
46216
46217
46219
46221
46222
46224
46225
46226
46227
46228
46231
46232
46233
46234
46235
46236
46238
46239
46241
46243
46245
46246
46248
46249
46250
46251
46252
46255
46257
46258
46265
46266
46267
46268
46269
46270
46276
46278
46280
46281
46282
46284
46288
46290
46291
46293
46294
46295
46296
46297
46298
46300
46301
46302
46303
46305
46307
46311
46313
46317
46320
46322
46323
46325
46326
46327
46328
46329
46330
46332
46333
46334
46336
46337
46340
46343
46345
46347
46350
46352
46353
46355
46357
46359
46361
46362
46365
46366
46368
46369
46370
46371
46373
46374
46379
46381
46384
46385
46388
46390
46391
46392
46394
46395
46396
46397
46399
46400
46402
46403
46404
46405
46407
46408
46409
46410
46411
46412
46413
46414
46415
46416
46419
46420
46422
46423
46424
46426
46427
46432
46433
46435
46436
46438
46441
46442
46444
46450
46453
46455
46457
46461
46462
46465
46467
46468
46469
46470
46474
46475
46477
46480
46482
46483
46484
46487
46488
46489
46490
46493
46500
46501
46502
46504
46506
46507
46511
46512
46513
46515
46516
46517
46519
46520
46523
46524
46528
46529
46530
46532
46533
46535
46536
46537
46538
46540
46542
46544
46545
46546
46547
46553
46554
46555
46557
46561
46564
46565
46566
46567
46569
46570
46571
46573
46574
46576
46577
46578
46580
46581
46583
46584
46589
46590
46591
46592
46594
46596
46597
46599
46600
46601
46605
46606
46608
46609
46612
46614
46615
46616
46617
46618
46619
46620
46622
46623
46624
46625
46627
46631
46632
46633
46635
46636
46638
46639
46640
46641
46642
46643
46646
46647
46648
46650
46653
46654
46655
46656
46657
46658
46660
46661
46665
46670
46671
46673
46675
46676
46677
46678
46679
46680
46681
46683
46685
46687
46688
46690
46691
46692
46694
46695
46699
46701
46702
46703
46704
46705
46707
46709
46710
46713
46714
46715
46716
46723
46726
46728
46730
46732
46734
46735
46736
46739
46740
46741
46742
46743
46744
46746
46748
46749
46750
46751
46752
46753
46755
46757
46758
46759
46760
46762
46763
46764
46766
46769
46772
46777
46778
46781
46782
46784
46787
46788
46789
46790
46791
46792
46794
46795
46796
46797
46798
46799
46801
46802
46803
46805
46806
46807
46809
46811
46812
46814
46815
46817
46818
46819
46822
46824
46826
46827
46829
46831
46834
46838
46839
46840
46841
46842
46845
46846
46848
46849
46850
46851
46852
46853
46854
46855
46856
46858
46860
46861
46862
46865
46866
46869
46870
46871
46872
46873
46874
46875
46876
46878
46881
46882
46888
46889
46893
46894
46895
46897
46898
46902
46904
46906
46907
46908
46909
46910
46911
46912
46914
46915
46916
46921
46922
46925
46926
46927
46931
46933
46934
46935
46937
46940
46942
46946
46950
46951
46952
46956
46958
46959
46962
46965
46967
46968
46970
46971
46974
46976
46977
46980
46981
46984
46985
46986
46988
46991
46995
46996
46997
47001
47003
47005
47006
47007
47008
47010
47011
47012
47013
47015
47016
47017
47018
47020
47021
47023
47024
47032
47033
47034
47036
47039
47040
47042
47044
47045
47048
47049
47052
47054
47055
47057
47059
47060
47061
47062
47063
47065
47066
47069
47070
47071
47072
47073
47075
47077
47079
47083
47084
47088
47089
47091
47092
47093
47094
47095
47096
47098
47099
47102
47104
47105
47106
47108
47109
47110
47111
47113
47115
47116
47117
47119
47120
47121
47122
47123
47127
47128
47132
47133
47138
47139
47141
47142
47143
47144
47145
47146
47148
47156
47157
47159
47160
47161
47163
47164
47166
47167
47171
47173
47174
47176
47177
47178
47181
47182
47185
47186
47189
47192
47197
47198
47199
47200
47201
47202
47203
47204
47206
47207
47208
47209
47210
47216
47218
47219
47226
47227
47229
47230
47233
47239
47240
47241
47244
47247
47248
47250
47254
47255
47256
47259
47261
47262
47263
47264
47265
47267
47268
47269
47272
47273
47274
47276
47277
47278
47279
47281
47282
47287
47291
47292
47294
47295
47296
47300
47301
47303
47304
47309
47310
47312
47313
47317
47318
47319
47322
47323
47325
47326
47327
47329
47331
47335
47336
47337
47338
47339
47342
47343
47344
47346
47348
47350
47352
47353
47354
47355
47360
47362
47363
47364
47366
47368
47370
47371
47372
47373
47377
47380
47381
47382
47384
47386
47387
47388
47389
47391
47392
47393
47395
47397
47399
47402
47403
47404
47405
47406
47409
47410
47417
47418
47420
47421
47424
47425
47427
47430
47432
47433
47434
47435
47436
47437
47438
47439
47441
47443
47445
47446
47448
47449
47450
47452
47454
47457
47459
47460
47463
47464
47466
47468
47470
47472
47473
47474
47475
47477
47481
47482
47484
47485
47487
47488
47489
47492
47494
47495
47497
47499
47502
47503
47505
47506
47508
47509
47511
47515
47516
47518
47519
47522
47523
47524
47528
47530
47532
47534
47536
47537
47540
47541
47542
47546
47547
47548
47550
47551
47552
47553
47554
47556
47558
47559
47561
47565
47566
47567
47568
47572
47573
47575
47576
47577
47578
47579
47581
47582
47583
47584
47586
47588
47589
47591
47592
47593
47595
47597
47598
47599
47600
47602
47605
47607
47608
47610
47611
47612
47614
47615
47617
47618
47621
47623
47625
47629
47631
47633
47634
47635
47637
47639
47645
47648
47649
47650
47652
47654
47655
47657
47658
47659
47664
47665
47668
47670
47671
47672
47673
47674
47677
47678
47679
47680
47681
47686
47688
47689
47690
47693
47694
47695
47697
47698
47700
47703
47704
47705
47706
47707
47708
47709
47710
47711
47712
47713
47714
47715
47716
47718
47719
47725
47726
47727
47729
47731
47734
47735
47736
47739
47740
47743
47744
47746
47747
47748
47749
47751
47753
47756
47759
47761
47765
47766
47768
47769
47770
47772
47773
47774
47775
47777
47778
47779
47780
47782
47783
47784
47785
47787
47788
47789
47790
47791
47792
47793
47794
47796
47798
47799
47800
47801
47802
47803
47805
47806
47808
47810
47811
47813
47814
47815
47816
47818
47819
47820
47821
47823
47825
47827
47831
47832
47833
47834
47835
47836
47837
47838
47839
47841
47842
47843
47845
47848
47850
47851
47852
47854
47856
47859
47860
47862
47863
47865
47866
47868
47872
47873
47874
47875
47876
47879
47881
47882
47885
47886
47887
47888
47890
47891
47892
47893
47895
47896
47898
47899
47902
47903
47904
47905
47906
47907
47909
47911
47915
47916
47917
47918
47919
47922
47923
47924
47928
47930
47931
47934
47938
47939
47940
47941
47942
47943
47945
47947
47948
47949
47951
47952
47953
47954
47956
47957
47958
47961
47962
47964
47965
47966
47967
47968
47969
47971
47977
47978
47979
47980
47981
47986
47988
47991
47994
47995
48000
48001
48002
48004
48006
48007
48009
48010
48011
48012
48013
48018
48021
48022
48023
48025
48026
48027
48033
48034
48036
48038
48039
48041
48042
48043
48045
48047
48050
48051
48052
48053
48054
48055
48056
48057
48058
48060
48061
48063
48066
48067
48069
48070
48072
48075
48076
48077
48079
48080
48081
48084
48085
48087
48088
48090
48093
48094
48097
48099
48100
48101
48103
48108
48110
48111
48114
48115
48116
48117
48118
48119
48120
48121
48123
48124
48128
48129
48130
48131
48132
48133
48135
48137
48138
48139
48141
48142
48143
48144
48146
48147
48148
48149
48150
48151
48154
48155
48156
48157
48159
48162
48163
48164
48165
48167
48168
48169
48170
48171
48174
48175
48178
48181
48182
48183
48184
48185
48187
48189
48190
48193
48196
48197
48198
48199
48200
48201
48202
48204
48206
48207
48208
48209
48211
48213
48215
48216
48217
48218
48221
48223
48226
48227
48228
48229
48234
48235
48236
48238
48240
48241
48244
48248
48249
48250
48251
48252
48253
48254
48255
48257
48259
48260
48261
48262
48264
48266
48268
48270
48271
48273
48274
48276
48277
48278
48282
48283
48284
48285
48286
48287
48288
48289
48290
48291
48292
48297
48298
48299
48301
48302
48303
48306
48308
48309
48311
48313
48314
48315
48316
48317
48320
48321
48322
48323
48324
48325
48326
48327
48328
48329
48331
48333
48335
48336
48338
48339
48340
48342
48346
48348
48351
48353
48358
48362
48366
48368
48371
48374
48377
48379
48380
48382
48386
48387
48388
48389
48390
48394
48395
48396
48397
48399
48400
48401
48403
48404
48405
48407
48408
48409
48411
48413
48417
48419
48420
48421
48422
48423
48425
48427
48429
48432
48433
48435
48437
48438
48440
48442
48444
48445
48447
48451
48452
48453
48454
48456
48459
48461
48462
48463
48465
48466
48467
48468
48470
48471
48472
48473
48474
48475
48476
48477
48479
48480
48481
48484
48486
48491
48493
48494
48495
48496
48497
48498
48499
48501
48502
48503
48504
48505
48506
48508
48509
48510
48516
48521
48523
48525
48526
48527
48529
48531
48534
48535
48537
48538
48539
48540
48543
48545
48546
48549
48550
48551
48552
48555
48556
48557
48558
48559
48560
48562
48565
48567
48568
48569
48571
48572
48573
48575
48576
48579
48580
48581
48582
48583
48586
48589
48590
48591
48592
48593
48594
48597
48598
48604
48605
48607
48608
48610
48611
48614
48615
48616
48619
48620
48621
48624
48625
48626
48627
48628
48629
48630
48634
48635
48637
48638
48639
48643
48644
48646
48650
48651
48652
48653
48654
48657
48659
48660
48661
48662
48665
48667
48668
48669
48671
48673
48676
48678
48680
48684
48686
48687
48689
48690
48694
48696
48698
48700
48704
48705
48707
48711
48712
48713
48714
48715
48716
48717
48719
48720
48721
48722
48723
48726
48727
48728
48729
48732
48733
48734
48735
48741
48743
48744
48745
48747
48748
48749
48750
48751
48752
48753
48755
48757
48759
48762
48763
48764
48766
48767
48769
48770
48771
48772
48773
48774
48775
48776
48778
48779
48780
48783
48785
48786
48787
48789
48791
48792
48793
48798
48799
48800
48801
48804
48805
48806
48808
48809
48813
48814
48815
48816
48817
48818
48819
48821
48823
48824
48825
48829
48830
48831
48834
48835
48836
48837
48838
48839
48841
48846
48849
48850
48851
48852
48853
48854
48855
48856
48857
48858
48859
48862
48865
48869
48870
48871
48872
48873
48876
48878
48879
48880
48885
48886
48887
48888
48889
48890
48891
48892
48893
48894
48895
48896
48900
48901
48902
48903
48904
48905
48907
48908
48910
48911
48913
48914
48915
48916
48918
48920
48924
48926
48928
48930
48931
48932
48933
48934
48935
48937
48942
48945
48948
48949
48951
48952
48953
48955
48956
48957
48959
48966
48969
48970
48971
48972
48973
48976
48977
48978
48980
48981
48984
48987
48988
48989
48990
48993
48994
48995
48996
48997
48999
49000
49001
49002
49003
49004
49005
49008
49009
49012
49013
49016
49017
49020
49021
49022
49025
49026
49028
49029
49030
49035
49036
49037
49038
49039
49043
49045
49047
49048
49055
49057
49060
49061
49062
49063
49064
49065
49067
49068
49072
49073
49075
49076
49077
49079
49080
49082
49083
49084
49085
49086
49089
49090
49091
49094
49095
49097
49100
49101
49102
49103
49107
49108
49109
49110
49111
49113
49117
49119
49120
49121
49122
49124
49127
49129
49132
49133
49135
49138
49142
49145
49147
49151
49152
49154
49155
49157
49158
49163
49165
49167
49169
49171
49172
49173
49174
49175
49176
49177
49179
49182
49184
49187
49189
49190
49191
49194
49195
49202
49204
49208
49209
49211
49212
49213
49214
49215
49218
49220
49223
49224
49225
49227
49228
49229
49230
49233
49235
49236
49237
49238
49240
49241
49243
49246
49247
49248
49250
49255
49256
49257
49259
49261
49263
49264
49265
49266
49268
49273
49274
49275
49276
49278
49279
49282
49283
49284
49290
49292
49293
49294
49297
49298
49299
49302
49303
49306
49307
49308
49309
49311
49313
49314
49317
49319
49320
49322
49325
49326
49328
49330
49331
49334
49335
49336
49339
49342
49344
49346
49347
49348
49349
49351
49353
49354
49356
49360
49363
49366
49367
49368
49369
49370
49371
49372
49374
49377
49378
49379
49380
49381
49382
49385
49386
49387
49388
49389
49391
49392
49393
49394
49399
49400
49404
49405
49407
49408
49409
49412
49413
49415
49416
49419
49420
49422
49423
49424
49426
49430
49431
49432
49433
49434
49436
49437
49439
49442
49443
49445
49446
49447
49449
49453
49454
49455
49456
49457
49459
49460
49462
49463
49464
49465
49466
49468
49469
49470
49471
49476
49478
49479
49481
49483
49484
49485
49486
49487
49490
49493
49494
49497
49498
49500
49501
49504
49505
49507
49508
49509
49511
49512
49513
49515
49516
49518
49519
49520
49521
49525
49526
49527
49528
49531
49532
49534
49535
49537
49538
49540
49541
49542
49543
49546
49548
49550
49552
49553
49554
49557
49562
49565
49568
49569
49571
49572
49573
49574
49576
49577
49578
49579
49580
49582
49583
49584
49586
49587
49591
49592
49593
49594
49595
49599
49600
49603
49607
49608
49609
49610
49611
49613
49616
49617
49618
49621
49622
49623
49629
49632
49635
49636
49639
49641
49642
49644
49645
49647
49648
49651
49653
49654
49658
49661
49662
49664
49665
49667
49668
49670
49673
49674
49676
49677
49681
49682
49684
49685
49686
49687
49691
49693
49696
49697
49699
49700
49701
49702
49704
49707
49708
49709
49710
49711
49713
49714
49715
49717
49718
49720
49723
49724
49725
49727
49728
49730
49731
49733
49735
49737
49738
49739
49742
49743
49744
49745
49746
49748
49749
49753
49754
49755
49757
49758
49759
49760
49761
49762
49764
49766
49768
49769
49770
49776
49777
49779
49781
49782
49786
49787
49788
49789
49790
49792
49793
49794
49796
49797
49798
49802
49805
49808
49809
49813
49816
49817
49820
49825
49828
49829
49830
49831
49833
49834
49836
49838
49839
49841
49842
49845
49846
49848
49849
49850
49852
49853
49854
49855
49857
49858
49859
49860
49861
49863
49866
49867
49868
49869
49871
49873
49875
49876
49879
49882
49883
49885
49886
49887
49890
49891
49893
49894
49895
49896
49898
49899
49902
49903
49904
49909
49910
49911
49913
49915
49917
49918
49919
49920
49922
49924
49927
49928
49929
49932
49933
49934
49935
49936
49937
49940
49941
49942
49947
49948
49950
49952
49953
49954
49955
49956
49958
49959
49960
49961
49962
49963
49964
49965
49966
49967
49968
49970
49972
49973
49975
49976
49977
49978
49979
49980
49981
49982
49983
49985
49986
49987
49989
49991
49992
49993
49996
49998
49999
