60001
60002
60003
60004
60005
60006
60009
60010
60011
60012
60017
60019
60020
60022
60023
60025
60026
60027
60028
60029
60030
60031
60032
60033
60036
60037
60038
60039
60041
60043
60044
60045
60046
60047
60052
60053
60054
60056
60058
60059
60060
60061
60062
60063
60065
60066
60067
60068
60069
60071
60072
60073
60077
60078
60079
60081
60082
60084
60086
60088
60092
60093
60095
60099
60101
60109
60110
60111
60114
60115
60121
60122
60125
60126
60128
60130
60131
60132
60133
60134
60135
60137
60138
60141
60142
60144
60149
60150
60152
60153
60154
60155
60156
60157
60159
60160
60161
60165
60167
60168
60172
60174
60176
60177
60178
60179
60180
60181
60182
60184
60185
60187
60188
60189
60192
60193
60195
60196
60199
60200
60201
60204
60205
60206
60207
60208
60209
60211
60212
60213
60214
60215
60216
60217
60218
60219
60220
60221
60223
60225
60226
60228
60230
60231
60232
60233
60234
60235
60236
60237
60238
60239
60240
60241
60242
60243
60246
60248
60249
60250
60251
60254
60256
60257
60261
60262
60263
60268
60269
60270
60273
60274
60275
60276
60279
60283
60286
60287
60288
60289
60290
60297
60298
60299
60301
60302
60303
60304
60306
60307
60308
60309
60311
60312
60314
60315
60316
60318
60321
60322
60323
60326
60328
60329
60330
60331
60332
60333
60335
60336
60338
60341
60344
60345
60346
60350
60351
60353
60354
60355
60356
60357
60358
60364
60366
60368
60369
60370
60372
60374
60375
60376
60378
60381
60383
60384
60385
60386
60387
60388
60389
60391
60392
60394
60395
60396
60397
60401
60402
60403
60405
60406
60408
60410
60411
60412
60413
60414
60416
60418
60421
60422
60424
60426
60428
60429
60431
60433
60434
60435
60437
60439
60440
60441
60443
60445
60448
60449
60450
60453
60454
60455
60456
60458
60461
60463
60464
60465
60466
60467
60468
60469
60470
60471
60472
60473
60474
60475
60476
60477
60481
60482
60483
60484
60487
60489
60490
60494
60495
60500
60501
60504
60506
60508
60509
60513
60514
60515
60516
60517
60520
60522
60524
60526
60527
60528
60531
60532
60535
60536
60537
60538
60539
60540
60544
60545
60546
60547
60550
60551
60552
60553
60556
60559
60561
60562
60564
60565
60566
60568
60569
60571
60572
60573
60576
60578
60579
60580
60582
60583
60586
60587
60588
60589
60590
60591
60593
60596
60598
60602
60603
60605
60607
60608
60609
60610
60611
60612
60614
60615
60618
60620
60621
60623
60624
60625
60626
60627
60630
60635
60638
60640
60644
60648
60650
60653
60654
60655
60656
60657
60660
60662
60663
60664
60666
60667
60668
60669
60670
60676
60677
60681
60683
60684
60687
60688
60689
60690
60691
60692
60693
60694
60698
60701
60703
60704
60708
60710
60711
60712
60713
60714
60716
60718
60719
60720
60721
60722
60724
60725
60726
60728
60731
60733
60736
60737
60741
60747
60749
60750
60752
60753
60756
60757
60761
60766
60767
60768
60770
60774
60777
60778
60779
60780
60781
60783
60787
60788
60789
60792
60793
60794
60797
60799
60801
60802
60804
60805
60807
60808
60809
60810
60811
60812
60814
60816
60817
60818
60821
60822
60825
60826
60827
60830
60831
60833
60834
60836
60837
60839
60840
60841
60849
60850
60852
60853
60854
60861
60863
60865
60867
60869
60870
60874
60877
60881
60882
60884
60886
60887
60890
60892
60893
60894
60895
60896
60897
60898
60899
60901
60905
60906
60909
60910
60913
60914
60917
60918
60919
60920
60922
60924
60925
60926
60927
60930
60932
60933
60934
60936
60937
60938
60940
60943
60945
60948
60949
60951
60953
60954
60955
60958
60959
60960
60964
60969
60971
60973
60974
60975
60976
60977
60978
60979
60984
60987
60988
60989
60990
60991
60993
60995
60997
61000
61001
61002
61003
61004
61007
61009
61010
61011
61012
61013
61015
61017
61018
61020
61024
61025
61028
61029
61031
61034
61036
61037
61039
61041
61043
61044
61046
61047
61048
61049
61052
61055
61056
61062
61063
61064
61066
61067
61068
61069
61070
61075
61076
61077
61078
61079
61080
61084
61089
61090
61091
61093
61094
61095
61096
61099
61102
61104
61108
61109
61110
61114
61115
61119
61121
61122
61123
61124
61125
61127
61128
61130
61131
61132
61133
61134
61135
61136
61137
61138
61139
61144
61145
61147
61149
61150
61151
61153
61154
61156
61157
61158
61159
61161
61162
61163
61164
61165
61167
61168
61169
61170
61172
61175
61176
61177
61178
61181
61182
61185
61187
61188
61189
61190
61191
61192
61196
61198
61200
61201
61202
61204
61207
61208
61209
61210
61211
61212
61213
61215
61216
61217
61219
61223
61225
61227
61228
61229
61230
61232
61237
61239
61240
61242
61244
61246
61247
61248
61249
61250
61251
61253
61254
61256
61257
61258
61260
61263
61264
61265
61266
61267
61274
61275
61277
61278
61279
61281
61282
61284
61285
61286
61289
61290
61291
61292
61295
61297
61299
61300
61301
61302
61303
61305
61307
61310
61311
61312
61315
61316
61318
61320
61321
61322
61325
61329
61332
61333
61334
61335
61336
61337
61338
61339
61340
61342
61343
61344
61347
61348
61353
61355
61356
61357
61359
61361
61362
61363
61364
61368
61369
61370
61371
61372
61373
61375
61377
61378
61379
61380
61381
61382
61383
61384
61388
61390
61392
61393
61395
61396
61397
61399
61402
61405
61406
61407
61408
61409
61410
61412
61415
61416
61417
61418
61420
61421
61425
61427
61429
61430
61432
61433
61435
61439
61440
61441
61442
61443
61444
61449
61451
61452
61453
61454
61455
61456
61458
61460
61462
61464
61465
61467
61469
61470
61471
61472
61475
61478
61479
61480
61482
61483
61486
61487
61488
61490
61492
61496
61497
61498
61499
61502
61503
61504
61505
61506
61507
61509
61510
61512
61513
61514
61515
61517
61518
61523
61525
61526
61528
61529
61531
61533
61534
61535
61536
61537
61540
61543
61544
61545
61546
61548
61549
61557
61561
61563
61564
61565
61566
61567
61568
61569
61571
61573
61575
61576
61577
61578
61579
61580
61581
61583
61584
61586
61588
61589
61591
61592
61593
61595
61597
61598
61602
61603
61604
61605
61609
61612
61614
61615
61617
61618
61619
61623
61624
61625
61626
61628
61629
61632
61633
61636
61638
61641
61642
61643
61645
61646
61647
61649
61650
61651
61652
61653
61654
61655
61657
61658
61660
61661
61662
61663
61664
61665
61666
61669
61674
61675
61676
61678
61679
61680
61683
61685
61687
61688
61689
61691
61693
61694
61696
61697
61698
61700
61702
61705
61706
61707
61708
61710
61712
61713
61715
61716
61717
61718
61719
61720
61721
61725
61727
61729
61730
61731
61732
61736
61737
61738
61739
61740
61741
61742
61745
61747
61751
61753
61754
61755
61757
61759
61760
61763
61764
61771
61772
61773
61775
61776
61778
61779
61780
61781
61783
61784
61789
61790
61791
61792
61793
61795
61799
61800
61804
61806
61807
61808
61810
61811
61813
61815
61816
61817
61819
61820
61821
61822
61823
61824
61825
61826
61828
61830
61831
61833
61838
61842
61843
61846
61848
61852
61853
61854
61855
61856
61857
61858
61859
61862
61864
61865
61868
61870
61871
61875
61876
61879
61881
61884
61885
61887
61889
61891
61892
61893
61894
61897
61898
61899
61900
61901
61902
61903
61904
61906
61909
61911
61913
61917
61918
61920
61922
61923
61924
61925
61926
61927
61930
61932
61934
61935
61937
61938
61943
61944
61945
61946
61947
61948
61949
61950
61951
61953
61957
61958
61959
61961
61962
61965
61966
61967
61968
61969
61970
61972
61974
61976
61977
61978
61979
61980
61981
61982
61983
61984
61986
61987
61992
61996
61997
61999
62002
62003
62004
62006
62009
62010
62012
62013
62016
62019
62020
62022
62023
62024
62025
62027
62029
62030
62033
62034
62035
62036
62039
62041
62042
62043
62046
62052
62054
62055
62056
62058
62059
62061
62063
62064
62065
62066
62067
62070
62071
62072
62075
62077
62079
62081
62084
62086
62089
62091
62092
62093
62095
62096
62104
62106
62109
62110
62112
62114
62120
62122
62123
62124
62125
62127
62131
62132
62133
62134
62135
62136
62141
62143
62144
62146
62147
62149
62150
62153
62154
62155
62158
62161
62162
62165
62167
62169
62170
62172
62173
62174
62176
62178
62179
62180
62182
62183
62184
62186
62187
62189
62192
62195
62197
62198
62199
62200
62201
62202
62203
62204
62207
62208
62209
62210
62211
62212
62214
62215
62216
62217
62219
62220
62222
62224
62225
62226
62227
62228
62229
62231
62232
62235
62238
62241
62245
62246
62247
62250
62252
62253
62257
62258
62259
62260
62261
62263
62264
62266
62267
62268
62269
62270
62272
62273
62274
62281
62282
62283
62290
62294
62295
62296
62299
62301
62303
62304
62305
62306
62307
62308
62309
62311
62312
62313
62316
62317
62318
62319
62321
62322
62323
62324
62332
62333
62334
62335
62337
62339
62340
62341
62342
62343
62345
62349
62351
62352
62353
62354
62355
62356
62361
62362
62367
62368
62370
62372
62373
62375
62376
62379
62381
62382
62383
62384
62385
62386
62387
62388
62392
62393
62394
62395
62396
62397
62399
62400
62401
62404
62405
62406
62407
62408
62410
62411
62413
62415
62417
62418
62419
62420
62422
62423
62424
62428
62429
62431
62432
62434
62437
62440
62441
62444
62445
62446
62447
62448
62451
62452
62454
62455
62456
62458
62459
62460
62461
62462
62463
62464
62465
62467
62469
62470
62471
62472
62475
62477
62479
62480
62481
62485
62486
62487
62488
62491
62492
62495
62497
62498
62499
62500
62501
62502
62505
62508
62509
62510
62511
62512
62513
62515
62516
62518
62519
62520
62522
62523
62525
62527
62528
62529
62530
62531
62532
62533
62534
62535
62536
62537
62538
62539
62541
62545
62546
62548
62550
62551
62555
62556
62557
62560
62562
62567
62569
62570
62572
62573
62574
62576
62577
62578
62582
62583
62584
62585
62586
62594
62595
62596
62598
62599
62604
62605
62606
62607
62608
62609
62611
62612
62613
62614
62621
62622
62625
62629
62630
62632
62633
62634
62635
62636
62637
62638
62639
62640
62641
62642
62643
62645
62646
62647
62648
62649
62650
62651
62652
62653
62654
62655
62659
62660
62661
62664
62665
62666
62667
62670
62671
62674
62675
62676
62677
62681
62682
62683
62684
62685
62686
62687
62688
62689
62690
62691
62692
62693
62694
62696
62699
62700
62701
62702
62703
62704
62706
62707
62709
62710
62713
62714
62715
62717
62718
62720
62721
62722
62723
62730
62731
62736
62738
62739
62740
62742
62743
62745
62746
62748
62750
62751
62752
62754
62757
62758
62759
62761
62762
62763
62765
62767
62768
62771
62773
62775
62777
62778
62781
62784
62785
62786
62787
62788
62790
62793
62794
62795
62796
62797
62798
62800
62802
62805
62806
62807
62808
62810
62811
62812
62814
62816
62817
62818
62822
62824
62825
62826
62827
62828
62829
62830
62832
62833
62836
62837
62839
62840
62841
62842
62845
62847
62848
62851
62856
62857
62859
62861
62864
62867
62868
62869
62872
62876
62880
62882
62886
62890
62891
62892
62893
62894
62898
62899
62905
62906
62908
62909
62912
62913
62914
62917
62918
62921
62923
62924
62925
62926
62927
62928
62929
62930
62931
62932
62934
62935
62937
62938
62940
62943
62944
62947
62948
62950
62951
62954
62957
62958
62959
62960
62961
62962
62963
62965
62968
62969
62970
62971
62972
62973
62974
62976
62977
62978
62979
62984
62985
62986
62987
62988
62989
62990
62992
62993
62996
62997
63000
63002
63003
63004
63005
63007
63009
63010
63012
63013
63015
63021
63023
63024
63026
63028
63030
63032
63037
63038
63040
63042
63043
63044
63047
63049
63050
63052
63058
63062
63063
63065
63066
63067
63068
63069
63070
63072
63077
63081
63082
63084
63085
63087
63090
63091
63092
63096
63097
63098
63099
63100
63101
63104
63107
63110
63111
63115
63116
63117
63118
63119
63120
63122
63123
63124
63125
63129
63130
63131
63132
63133
63134
63136
63137
63144
63145
63146
63148
63150
63151
63152
63153
63156
63157
63158
63159
63160
63166
63167
63169
63171
63173
63174
63176
63177
63179
63180
63181
63182
63183
63187
63188
63189
63190
63191
63192
63194
63197
63198
63199
63202
63203
63204
63205
63207
63210
63211
63212
63213
63214
63215
63217
63218
63220
63221
63222
63224
63226
63227
63229
63240
63241
63242
63243
63247
63248
63249
63254
63255
63256
63257
63261
63263
63264
63265
63267
63268
63269
63272
63273
63275
63277
63278
63279
63281
63282
63283
63284
63285
63286
63288
63289
63291
63292
63293
63294
63295
63298
63299
63301
63304
63305
63306
63307
63309
63314
63315
63316
63318
63319
63321
63323
63325
63328
63329
63332
63334
63336
63337
63339
63342
63343
63344
63348
63349
63351
63354
63356
63362
63366
63368
63370
63372
63374
63375
63376
63377
63378
63379
63380
63385
63390
63391
63392
63393
63394
63395
63396
63397
63398
63399
63401
63405
63406
63407
63409
63412
63414
63415
63416
63417
63418
63419
63420
63421
63423
63424
63427
63429
63430
63431
63434
63435
63437
63440
63441
63442
63446
63447
63448
63449
63451
63452
63453
63456
63457
63458
63460
63461
63462
63464
63467
63469
63475
63476
63477
63478
63482
63483
63484
63487
63488
63489
63490
63491
63492
63493
63494
63496
63497
63498
63500
63501
63504
63505
63511
63512
63514
63516
63518
63520
63522
63523
63524
63526
63529
63532
63534
63535
63536
63540
63541
63543
63545
63546
63547
63550
63552
63553
63554
63555
63556
63557
63558
63560
63561
63562
63563
63565
63566
63567
63569
63570
63571
63572
63574
63575
63577
63579
63581
63585
63586
63589
63590
63592
63593
63597
63602
63605
63607
63608
63611
63613
63614
63615
63616
63617
63618
63620
63621
63623
63625
63626
63629
63632
63633
63634
63635
63636
63637
63638
63639
63640
63641
63643
63645
63647
63651
63654
63656
63658
63660
63666
63667
63668
63669
63671
63672
63673
63674
63675
63676
63677
63678
63680
63682
63684
63685
63686
63687
63688
63689
63690
63691
63692
63694
63697
63698
63699
63701
63702
63704
63705
63706
63707
63709
63712
63713
63714
63716
63717
63719
63721
63722
63723
63727
63728
63730
63732
63736
63737
63741
63742
63745
63746
63747
63751
63752
63753
63754
63755
63757
63758
63760
63761
63762
63763
63764
63766
63769
63770
63772
63773
63775
63781
63782
63783
63784
63785
63787
63788
63790
63792
63794
63795
63796
63797
63798
63799
63801
63802
63803
63804
63805
63807
63808
63809
63810
63816
63817
63818
63821
63822
63823
63824
63825
63828
63829
63833
63834
63835
63836
63837
63838
63841
63843
63844
63847
63848
63849
63851
63852
63853
63854
63856
63857
63859
63860
63862
63864
63865
63866
63868
63869
63870
63871
63872
63875
63877
63880
63881
63882
63883
63884
63885
63886
63891
63892
63893
63896
63901
63904
63906
63907
63908
63912
63913
63914
63915
63916
63917
63918
63919
63920
63922
63924
63925
63926
63927
63928
63930
63931
63932
63935
63940
63941
63942
63943
63944
63946
63947
63948
63949
63950
63951
63953
63955
63956
63957
63958
63959
63960
63962
63963
63965
63967
63970
63971
63975
63976
63979
63981
63982
63985
63986
63987
63991
63996
64000
64008
64009
64010
64011
64012
64014
64015
64016
64019
64020
64021
64023
64024
64026
64027
64031
64032
64033
64034
64035
64036
64042
64043
64044
64045
64046
64047
64048
64050
64051
64052
64054
64055
64056
64057
64058
64060
64063
64065
64066
64068
64071
64072
64074
64075
64076
64078
64079
64080
64085
64086
64090
64093
64094
64095
64097
64100
64104
64105
64106
64108
64109
64110
64112
64113
64114
64115
64118
64119
64120
64123
64126
64127
64132
64133
64135
64137
64138
64140
64142
64146
64148
64151
64152
64153
64154
64155
64156
64157
64158
64159
64161
64162
64164
64165
64166
64169
64170
64173
64174
64176
64177
64181
64183
64185
64188
64190
64192
64193
64194
64195
64196
64198
64200
64201
64203
64206
64208
64209
64210
64213
64215
64218
64219
64220
64223
64225
64227
64229
64231
64232
64233
64235
64236
64237
64238
64239
64240
64241
64242
64243
64244
64245
64246
64247
64249
64253
64256
64258
64261
64262
64264
64265
64268
64270
64271
64272
64275
64276
64277
64280
64281
64283
64284
64285
64287
64288
64291
64292
64296
64297
64298
64299
64303
64306
64310
64311
64312
64313
64315
64317
64318
64319
64320
64321
64322
64323
64326
64327
64330
64331
64332
64334
64344
64345
64346
64353
64354
64356
64357
64359
64361
64363
64364
64365
64366
64367
64370
64371
64372
64374
64379
64382
64383
64385
64386
64387
64389
64390
64391
64392
64393
64397
64399
64400
64402
64403
64404
64405
64406
64407
64408
64409
64410
64412
64413
64414
64415
64416
64417
64418
64419
64420
64421
64423
64425
64427
64429
64430
64434
64435
64436
64437
64443
64446
64447
64448
64449
64451
64452
64454
64456
64458
64459
64460
64464
64465
64472
64473
64475
64476
64477
64478
64479
64482
64483
64485
64487
64488
64491
64492
64494
64495
64496
64497
64498
64499
64504
64508
64509
64510
64511
64512
64515
64517
64518
64519
64520
64521
64523
64524
64526
64527
64531
64533
64537
64538
64539
64540
64541
64543
64544
64545
64547
64549
64552
64555
64556
64561
64562
64566
64568
64569
64572
64574
64578
64579
64581
64582
64583
64585
64587
64589
64590
64591
64592
64594
64595
64596
64598
64599
64601
64602
64604
64606
64610
64611
64612
64614
64616
64617
64619
64621
64622
64623
64624
64625
64626
64627
64629
64631
64632
64633
64634
64635
64636
64637
64638
64639
64641
64642
64648
64649
64650
64651
64653
64656
64657
64659
64660
64661
64662
64663
64664
64667
64670
64673
64676
64677
64678
64683
64685
64686
64688
64689
64692
64694
64696
64697
64699
64700
64703
64706
64707
64708
64710
64713
64714
64716
64717
64718
64719
64721
64722
64724
64725
64727
64729
64731
64734
64736
64737
64738
64739
64740
64742
64747
64749
64752
64754
64755
64756
64758
64759
64760
64761
64763
64764
64766
64768
64770
64771
64773
64775
64776
64778
64779
64780
64782
64783
64784
64788
64789
64790
64792
64793
64794
64795
64797
64798
64800
64802
64805
64806
64808
64809
64810
64815
64816
64817
64818
64819
64821
64823
64825
64826
64827
64830
64831
64833
64834
64836
64837
64839
64840
64841
64842
64843
64845
64846
64847
64850
64854
64855
64857
64858
64861
64863
64865
64868
64869
64870
64873
64874
64879
64880
64881
64884
64888
64889
64890
64893
64895
64896
64899
64900
64901
64902
64903
64904
64905
64906
64910
64913
64914
64915
64916
64917
64919
64920
64921
64924
64928
64930
64931
64933
64937
64939
64940
64941
64943
64945
64946
64948
64951
64953
64955
64956
64957
64958
64963
64964
64965
64966
64967
64968
64970
64971
64972
64975
64977
64981
64982
64985
64986
64988
64989
64990
64991
64993
64995
64996
64997
64998
65000
65001
65003
65004
65005
65006
65007
65008
65009
65010
65011
65013
65017
65020
65021
65022
65024
65027
65032
65033
65035
65039
65041
65044
65046
65047
65048
65049
65052
65053
65054
65058
65059
65060
65061
65062
65064
65065
65066
65068
65070
65071
65072
65074
65078
65079
65080
65081
65082
65083
65087
65089
65091
65093
65094
65096
65099
65100
65102
65103
65105
65107
65109
65110
65114
65115
65116
65117
65118
65120
65121
65122
65124
65126
65127
65129
65131
65133
65134
65135
65138
65139
65141
65142
65143
65145
65146
65147
65148
65149
65150
65153
65154
65156
65157
65158
65159
65160
65162
65163
65164
65165
65166
65168
65170
65172
65173
65175
65176
65177
65180
65181
65182
65185
65187
65189
65191
65192
65194
65196
65197
65199
65200
65202
65204
65208
65209
65212
65213
65214
65216
65218
65219
65221
65225
65227
65230
65231
65233
65241
65242
65243
65244
65245
65246
65248
65249
65253
65254
65255
65256
65258
65259
65260
65261
65262
65263
65264
65265
65266
65268
65269
65270
65272
65273
65274
65275
65276
65277
65279
65282
65283
65286
65287
65288
65290
65291
65292
65295
65297
65298
65299
65301
65303
65306
65307
65309
65312
65313
65315
65317
65319
65322
65323
65325
65326
65327
65331
65339
65340
65341
65343
65346
65347
65348
65349
65350
65352
65353
65357
65365
65366
65367
65368
65369
65370
65371
65372
65374
65375
65377
65379
65381
65382
65383
65384
65385
65387
65388
65389
65391
65392
65393
65395
65396
65399
65400
65401
65403
65406
65407
65409
65410
65413
65416
65417
65418
65425
65427
65431
65432
65433
65434
65435
65437
65439
65444
65448
65451
65453
65455
65456
65457
65459
65460
65462
65466
65469
65470
65471
65472
65473
65475
65478
65480
65481
65482
65484
65485
65492
65493
65494
65495
65497
65498
65499
65503
65505
65507
65508
65509
65510
65511
65512
65513
65514
65515
65518
65519
65522
65524
65525
65528
65530
65531
65532
65533
65536
65539
65541
65542
65543
65544
65546
65548
65552
65553
65554
65555
65557
65558
65560
65561
65562
65563
65564
65565
65566
65567
65573
65574
65576
65577
65578
65579
65580
65581
65582
65586
65588
65589
65590
65592
65593
65594
65596
65597
65598
65599
65601
65605
65607
65608
65609
65610
65611
65612
65613
65614
65616
65617
65619
65622
65624
65626
65627
65629
65630
65631
65633
65634
65635
65639
65643
65644
65646
65647
65648
65650
65652
65654
65655
65656
65657
65658
65659
65669
65671
65673
65674
65676
65678
65679
65680
65682
65683
65684
65687
65688
65690
65691
65693
65694
65695
65697
65698
65700
65701
65704
65705
65708
65712
65714
65716
65718
65719
65721
65722
65723
65724
65726
65727
65728
65729
65731
65733
65734
65735
65736
65737
65738
65741
65742
65744
65748
65749
65751
65752
65755
65757
65758
65760
65761
65762
65763
65764
65766
65767
65769
65770
65772
65774
65775
65776
65781
65784
65786
65788
65789
65790
65791
65793
65794
65795
65796
65797
65799
65800
65801
65802
65803
65804
65805
65810
65812
65813
65814
65815
65817
65819
65820
65821
65822
65823
65825
65826
65827
65828
65830
65831
65832
65834
65835
65836
65837
65839
65840
65844
65846
65847
65849
65850
65854
65855
65856
65858
65859
65860
65861
65862
65863
65864
65865
65868
65869
65871
65872
65874
65875
65877
65878
65880
65881
65882
65883
65885
65888
65890
65896
65898
65900
65901
65902
65904
65905
65908
65909
65910
65912
65913
65914
65915
65916
65917
65918
65921
65922
65924
65926
65927
65929
65931
65933
65934
65935
65936
65937
65938
65940
65943
65944
65947
65950
65951
65952
65953
65954
65955
65956
65960
65961
65962
65963
65964
65965
65966
65970
65976
65979
65981
65982
65983
65985
65986
65987
65988
65990
65992
65994
65995
65996
65998
66003
66004
66006
66008
66009
66015
66016
66017
66019
66020
66021
66022
66023
66024
66026
66027
66028
66029
66030
66031
66032
66033
66034
66035
66036
66038
66040
66041
66042
66044
66047
66048
66049
66054
66055
66056
66057
66059
66061
66063
66065
66067
66068
66069
66070
66072
66074
66075
66076
66079
66081
66084
66088
66089
66090
66092
66095
66097
66098
66099
66102
66103
66104
66106
66107
66108
66109
66110
66111
66113
66114
66115
66116
66119
66120
66121
66123
66125
66126
66128
66129
66130
66132
66134
66136
66139
66144
66145
66147
66148
66149
66150
66151
66152
66153
66155
66157
66158
66163
66164
66165
66166
66168
66169
66171
66174
66175
66177
66178
66180
66181
66182
66183
66184
66185
66186
66187
66188
66190
66191
66192
66194
66195
66197
66198
66199
66200
66201
66202
66203
66206
66208
66210
66211
66212
66213
66214
66215
66217
66218
66221
66222
66227
66229
66230
66234
66235
66236
66238
66239
66241
66242
66243
66247
66249
66252
66253
66254
66255
66257
66258
66259
66260
66263
66264
66269
66270
66271
66273
66274
66279
66281
66282
66284
66288
66289
66290
66293
66298
66299
66302
66304
66305
66307
66308
66309
66314
66315
66317
66319
66321
66323
66328
66329
66331
66332
66334
66335
66337
66340
66342
66343
66347
66351
66352
66353
66354
66355
66356
66359
66361
66364
66367
66368
66371
66373
66374
66376
66379
66381
66382
66383
66384
66387
66389
66390
66392
66393
66395
66396
66397
66400
66401
66402
66403
66405
66406
66407
66412
66413
66416
66417
66418
66419
66423
66424
66425
66428
66432
66433
66437
66439
66441
66442
66447
66448
66453
66455
66456
66457
66458
66459
66460
66461
66462
66469
66470
66471
66472
66473
66475
66477
66478
66480
66481
66482
66484
66486
66487
66489
66491
66492
66493
66494
66495
66496
66498
66499
66504
66506
66507
66511
66518
66519
66520
66523
66524
66525
66527
66528
66529
66530
66531
66532
66533
66539
66540
66541
66543
66544
66545
66546
66547
66550
66551
66553
66555
66556
66557
66558
66559
66561
66565
66569
66570
66572
66573
66574
66575
66576
66577
66579
66580
66581
66582
66585
66589
66591
66592
66595
66596
66600
66601
66603
66604
66606
66608
66610
66611
66615
66617
66618
66619
66621
66622
66623
66626
66628
66629
66630
66631
66632
66633
66634
66638
66640
66641
66642
66644
66645
66646
66648
66650
66653
66656
66658
66661
66662
66665
66667
66668
66669
66670
66671
66672
66673
66676
66678
66679
66681
66682
66685
66686
66687
66690
66692
66693
66696
66697
66698
66699
66700
66701
66702
66703
66706
66708
66709
66710
66714
66719
66721
66722
66723
66725
66726
66730
66731
66733
66735
66736
66737
66739
66741
66742
66743
66744
66746
66747
66749
66750
66753
66755
66757
66759
66760
66764
66765
66766
66767
66771
66772
66774
66776
66777
66778
66779
66780
66785
66788
66790
66791
66792
66793
66795
66800
66801
66804
66807
66808
66810
66811
66812
66813
66814
66815
66816
66817
66821
66822
66823
66824
66826
66827
66828
66829
66831
66833
66834
66835
66836
66839
66840
66841
66843
66844
66845
66846
66848
66849
66854
66855
66856
66858
66859
66860
66863
66866
66867
66869
66871
66872
66873
66876
66878
66879
66880
66881
66882
66883
66887
66888
66889
66890
66892
66895
66896
66899
66902
66903
66904
66905
66909
66910
66911
66915
66917
66918
66920
66923
66924
66925
66927
66928
66931
66932
66935
66936
66937
66940
66941
66945
66949
66951
66952
66955
66957
66959
66960
66961
66962
66963
66965
66966
66967
66968
66970
66971
66973
66976
66977
66978
66979
66980
66982
66983
66984
66986
66987
66988
66993
66995
66996
66997
66998
66999
67000
67001
67002
67003
67008
67010
67011
67012
67014
67017
67018
67020
67021
67022
67024
67026
67027
67029
67030
67031
67033
67036
67037
67038
67040
67041
67042
67043
67044
67045
67046
67047
67049
67052
67053
67056
67057
67058
67060
67061
67062
67063
67064
67068
67069
67075
67076
67077
67080
67081
67082
67084
67087
67088
67089
67090
67091
67092
67093
67095
67096
67097
67100
67101
67102
67103
67104
67105
67107
67109
67110
67111
67112
67113
67114
67116
67119
67122
67124
67127
67128
67129
67132
67133
67134
67139
67142
67143
67145
67146
67147
67148
67149
67153
67155
67156
67157
67158
67160
67162
67163
67165
67167
67168
67169
67170
67171
67173
67175
67176
67177
67179
67181
67183
67186
67188
67190
67193
67194
67196
67198
67199
67201
67202
67203
67204
67205
67207
67209
67211
67217
67218
67222
67223
67224
67225
67226
67227
67230
67232
67233
67235
67240
67242
67243
67244
67245
67246
67248
67250
67251
67253
67254
67256
67257
67258
67261
67263
67267
67271
67272
67273
67275
67276
67279
67284
67285
67286
67291
67292
67294
67297
67298
67299
67300
67301
67302
67303
67305
67306
67309
67310
67312
67314
67315
67317
67319
67321
67323
67324
67326
67327
67330
67331
67332
67333
67335
67336
67337
67341
67342
67343
67344
67345
67346
67347
67348
67349
67351
67352
67354
67355
67356
67358
67359
67361
67362
67364
67365
67366
67368
67369
67370
67372
67373
67374
67375
67376
67377
67378
67380
67382
67386
67387
67388
67390
67392
67394
67395
67396
67397
67398
67404
67405
67408
67409
67410
67413
67418
67419
67421
67424
67429
67431
67435
67436
67437
67439
67440
67442
67443
67446
67447
67448
67449
67451
67452
67453
67454
67456
67459
67462
67464
67468
67473
67474
67475
67476
67478
67479
67480
67482
67483
67484
67485
67489
67491
67492
67494
67495
67496
67498
67501
67505
67508
67510
67513
67514
67516
67518
67522
67523
67524
67525
67526
67528
67532
67534
67539
67541
67542
67543
67544
67545
67547
67548
67549
67551
67552
67553
67555
67557
67559
67560
67563
67564
67565
67566
67567
67569
67570
67571
67572
67574
67575
67577
67578
67581
67583
67586
67588
67592
67593
67595
67597
67601
67602
67603
67604
67605
67606
67608
67609
67610
67613
67614
67615
67617
67618
67619
67621
67622
67623
67625
67626
67627
67628
67632
67634
67635
67638
67639
67642
67644
67646
67647
67648
67650
67652
67657
67658
67659
67660
67662
67664
67665
67666
67669
67671
67674
67675
67679
67680
67682
67683
67684
67685
67686
67689
67690
67691
67693
67694
67695
67697
67698
67699
67700
67704
67706
67707
67710
67714
67718
67720
67722
67723
67724
67726
67727
67728
67729
67730
67731
67732
67734
67736
67738
67740
67742
67744
67751
67752
67753
67754
67756
67758
67759
67761
67765
67767
67769
67772
67773
67775
67777
67780
67781
67782
67783
67785
67786
67788
67789
67790
67791
67792
67793
67794
67795
67796
67800
67801
67802
67803
67804
67805
67807
67808
67809
67812
67814
67815
67818
67822
67825
67826
67829
67830
67831
67832
67835
67836
67837
67840
67841
67842
67845
67846
67849
67851
67852
67854
67855
67856
67859
67860
67863
67865
67866
67872
67875
67876
67877
67878
67879
67880
67882
67883
67884
67886
67887
67888
67889
67890
67891
67895
67897
67898
67899
67901
67902
67903
67904
67905
67908
67910
67911
67915
67916
67918
67920
67921
67923
67924
67927
67928
67929
67930
67932
67933
67935
67937
67939
67941
67943
67945
67948
67949
67950
67951
67952
67953
67954
67955
67958
67962
67963
67964
67965
67967
67968
67969
67970
67971
67972
67973
67974
67975
67978
67979
67980
67984
67985
67987
67988
67992
67993
67994
67996
68002
68003
68005
68012
68013
68014
68015
68016
68018
68021
68022
68023
68025
68026
68029
68031
68032
68035
68036
68037
68039
68040
68042
68043
68044
68045
68046
68050
68052
68059
68061
68062
68064
68065
68066
68073
68074
68075
68078
68079
68080
68081
68082
68083
68087
68088
68089
68090
68091
68092
68093
68096
68098
68101
68102
68103
68105
68106
68107
68109
68110
68112
68113
68115
68118
68119
68121
68123
68125
68127
68131
68134
68136
68139
68140
68141
68142
68145
68146
68149
68150
68153
68155
68156
68157
68158
68162
68165
68166
68167
68168
68169
68170
68172
68173
68176
68177
68178
68179
68181
68183
68185
68187
68190
68191
68192
68193
68194
68195
68197
68200
68201
68203
68205
68209
68210
68212
68214
68215
68217
68218
68221
68222
68223
68224
68225
68226
68227
68228
68230
68232
68233
68234
68235
68236
68237
68239
68245
68248
68249
68250
68251
68254
68255
68256
68257
68259
68261
68262
68263
68267
68268
68271
68272
68273
68274
68276
68277
68278
68279
68284
68285
68286
68287
68288
68289
68290
68292
68293
68294
68295
68296
68301
68302
68303
68304
68305
68310
68312
68313
68314
68316
68321
68323
68326
68328
68330
68331
68334
68336
68337
68339
68341
68342
68343
68344
68346
68347
68350
68351
68353
68354
68355
68358
68360
68361
68363
68365
68367
68369
68371
68373
68374
68375
68378
68380
68382
68384
68385
68386
68388
68389
68393
68394
68395
68397
68398
68399
68401
68402
68405
68406
68407
68408
68409
68410
68411
68413
68414
68416
68417
68420
68421
68422
68423
68426
68430
68433
68437
68444
68448
68452
68453
68456
68457
68459
68460
68462
68463
68464
68465
68467
68470
68471
68473
68474
68476
68477
68478
68482
68483
68484
68485
68486
68487
68488
68489
68490
68495
68498
68499
68500
68502
68504
68505
68506
68507
68508
68513
68514
68515
68516
68517
68518
68520
68522
68523
68525
68526
68527
68528
68532
68533
68534
68535
68537
68539
68540
68544
68546
68547
68552
68553
68556
68557
68559
68561
68564
68566
68567
68569
68570
68572
68575
68576
68577
68578
68580
68582
68583
68584
68585
68586
68588
68589
68590
68591
68593
68595
68600
68601
68604
68605
68607
68610
68611
68612
68613
68615
68618
68620
68621
68622
68623
68626
68627
68628
68630
68631
68632
68633
68635
68641
68643
68646
68647
68648
68649
68650
68651
68654
68655
68659
68661
68665
68666
68669
68670
68672
68673
68674
68676
68678
68680
68681
68682
68684
68686
68687
68688
68689
68692
68693
68694
68695
68696
68698
68699
68702
68705
68706
68707
68711
68712
68713
68715
68716
68718
68719
68720
68721
68722
68724
68725
68726
68728
68734
68735
68736
68737
68738
68739
68740
68741
68742
68744
68745
68747
68751
68752
68754
68758
68760
68764
68766
68767
68768
68771
68773
68776
68779
68782
68783
68784
68785
68787
68788
68790
68791
68793
68794
68796
68797
68800
68802
68805
68806
68809
68812
68813
68814
68816
68818
68819
68821
68823
68825
68826
68827
68828
68829
68830
68831
68832
68837
68838
68839
68840
68843
68844
68845
68846
68847
68848
68849
68852
68853
68854
68855
68856
68859
68860
68861
68864
68865
68866
68867
68869
68871
68872
68874
68877
68878
68880
68881
68884
68894
68896
68897
68898
68901
68902
68904
68907
68909
68911
68912
68913
68914
68915
68916
68917
68926
68930
68931
68932
68934
68935
68936
68937
68938
68940
68944
68946
68947
68948
68949
68950
68951
68953
68954
68956
68957
68958
68959
68961
68963
68966
68967
68969
68971
68972
68973
68974
68976
68979
68980
68982
68986
68989
68991
68992
68993
68994
68997
68999
69001
69002
69005
69007
69008
69010
69011
69012
69013
69016
69018
69020
69021
69022
69024
69028
69029
69030
69031
69032
69033
69039
69043
69044
69046
69048
69049
69052
69054
69055
69057
69058
69061
69062
69063
69065
69066
69068
69069
69070
69072
69074
69075
69076
69077
69078
69079
69080
69081
69083
69084
69087
69088
69089
69091
69095
69096
69098
69099
69100
69101
69102
69108
69111
69112
69113
69121
69122
69124
69127
69128
69129
69132
69133
69135
69138
69139
69140
69141
69142
69143
69144
69145
69146
69148
69149
69150
69152
69153
69155
69156
69162
69163
69164
69165
69168
69169
69170
69171
69172
69173
69175
69176
69177
69178
69179
69181
69184
69185
69187
69188
69189
69190
69191
69192
69193
69196
69198
69199
69200
69201
69202
69203
69204
69205
69207
69209
69213
69215
69219
69220
69223
69224
69225
69226
69227
69228
69229
69233
69234
69235
69238
69239
69240
69243
69246
69247
69248
69249
69250
69252
69253
69254
69256
69257
69259
69260
69261
69263
69264
69265
69266
69267
69268
69271
69272
69276
69277
69278
69279
69280
69281
69282
69283
69284
69285
69287
69288
69289
69291
69292
69293
69297
69298
69301
69303
69305
69307
69310
69311
69316
69317
69318
69319
69321
69322
69324
69325
69327
69328
69329
69331
69332
69336
69337
69338
69339
69342
69343
69344
69346
69347
69348
69353
69354
69357
69360
69361
69363
69364
69365
69366
69367
69369
69372
69378
69380
69383
69384
69387
69388
69389
69391
69392
69393
69394
69395
69396
69397
69398
69399
69400
69401
69404
69405
69407
69408
69409
69410
69411
69412
69414
69416
69418
69419
69420
69421
69423
69424
69425
69426
69427
69428
69431
69433
69434
69437
69438
69439
69440
69441
69442
69443
69444
69445
69446
69447
69448
69449
69451
69452
69454
69456
69459
69460
69464
69465
69469
69472
69473
69475
69477
69478
69480
69483
69487
69488
69490
69493
69496
69499
69500
69501
69503
69504
69505
69506
69507
69508
69509
69510
69517
69519
69521
69522
69524
69525
69528
69530
69531
69532
69533
69539
69540
69541
69542
69543
69546
69548
69551
69552
69553
69554
69555
69557
69558
69561
69562
69563
69564
69565
69566
69567
69568
69576
69579
69580
69581
69585
69589
69590
69592
69593
69594
69597
69599
69601
69605
69606
69607
69608
69609
69610
69612
69613
69614
69615
69617
69619
69621
69622
69626
69627
69628
69633
69634
69635
69641
69642
69643
69644
69645
69648
69649
69652
69653
69655
69657
69658
69659
69660
69661
69662
69663
69664
69665
69666
69667
69669
69672
69675
69677
69679
69680
69683
69684
69685
69686
69688
69689
69691
69692
69693
69694
69696
69698
69701
69703
69705
69706
69709
69710
69713
69714
69715
69717
69719
69720
69721
69722
69723
69726
69727
69728
69729
69731
69732
69735
69737
69738
69739
69740
69741
69742
69744
69746
69747
69748
69749
69750
69752
69754
69756
69759
69760
69761
69762
69763
69765
69767
69769
69770
69773
69775
69776
69777
69780
69784
69785
69786
69787
69790
69791
69792
69794
69797
69801
69802
69803
69806
69807
69808
69809
69810
69811
69813
69814
69815
69816
69828
69830
69831
69832
69833
69835
69837
69839
69840
69841
69842
69845
69848
69849
69850
69852
69853
69854
69855
69858
69859
69861
69862
69864
69865
69866
69867
69868
69870
69873
69877
69879
69880
69884
69885
69886
69887
69888
69890
69891
69892
69895
69898
69899
69901
69905
69906
69907
69911
69913
69914
69915
69917
69918
69919
69922
69924
69928
69932
69933
69935
69936
69937
69938
69939
69940
69941
69942
69943
69946
69947
69948
69950
69951
69952
69955
69957
69958
69959
69960
69963
69965
69967
69968
69971
69973
69975
69977
69978
69980
69981
69985
69986
69988
69989
69990
69991
69992
69995
69997
69998
69999
