50000
50001
50003
50008
50009
50010
50012
50017
50020
50021
50023
50025
50027
50032
50033
50034
50037
50040
50043
50047
50049
50050
50051
50053
50054
50055
50056
50058
50059
50061
50062
50064
50065
50066
50068
50069
50070
50072
50073
50075
50077
50078
50080
50081
50082
50083
50084
50085
50088
50089
50091
50092
50093
50097
50099
50101
50104
50105
50106
50107
50108
50110
50111
50112
50113
50115
50116
50117
50119
50120
50122
50123
50124
50125
50126
50127
50129
50130
50132
50134
50139
50141
50142
50143
50144
50149
50150
50152
50153
50154
50158
50159
50160
50162
50163
50165
50167
50168
50170
50173
50174
50176
50178
50179
50182
50183
50184
50186
50188
50189
50190
50191
50196
50198
50199
50204
50205
50206
50207
50208
50210
50211
50212
50213
50217
50220
50221
50224
50225
50228
50230
50231
50232
50233
50237
50239
50244
50247
50248
50251
50252
50254
50255
50256
50258
50262
50263
50266
50269
50274
50277
50278
50279
50280
50281
50282
50283
50289
50291
50292
50293
50294
50298
50301
50302
50303
50304
50307
50311
50314
50315
50316
50317
50319
50320
50322
50323
50324
50325
50331
50332
50333
50335
50336
50337
50339
50340
50341
50346
50347
50349
50352
50353
50354
50356
50358
50360
50361
50362
50363
50364
50367
50369
50370
50371
50372
50374
50375
50379
50384
50385
50386
50391
50392
50393
50396
50398
50399
50401
50402
50406
50407
50408
50409
50410
50413
50414
50417
50419
50422
50424
50425
50428
50429
50431
50432
50433
50435
50436
50437
50438
50441
50442
50443
50447
50450
50451
50453
50458
50459
50460
50461
50462
50464
50467
50469
50470
50471
50472
50476
50477
50478
50479
50480
50481
50482
50483
50485
50486
50487
50488
50489
50491
50493
50497
50498
50499
50503
50505
50506
50507
50511
50512
50513
50514
50515
50516
50521
50522
50523
50525
50527
50531
50534
50536
50537
50538
50539
50540
50541
50543
50546
50547
50548
50551
50552
50555
50556
50560
50561
50563
50564
50566
50568
50571
50573
50574
50575
50577
50578
50579
50580
50581
50582
50585
50587
50589
50593
50595
50597
50598
50599
50600
50603
50605
50606
50607
50608
50612
50615
50616
50617
50619
50624
50625
50626
50628
50629
50630
50631
50632
50633
50637
50638
50642
50643
50646
50647
50648
50652
50654
50655
50656
50657
50660
50662
50664
50666
50667
50668
50669
50671
50673
50676
50679
50680
50682
50684
50686
50687
50688
50691
50692
50694
50695
50696
50697
50700
50704
50707
50708
50709
50710
50713
50714
50717
50719
50720
50721
50722
50723
50724
50725
50728
50731
50732
50733
50736
50737
50738
50739
50740
50742
50743
50744
50745
50747
50748
50749
50751
50752
50753
50755
50756
50757
50758
50759
50760
50761
50762
50765
50766
50767
50772
50773
50774
50775
50776
50778
50779
50782
50783
50784
50786
50788
50789
50790
50791
50792
50793
50796
50797
50798
50800
50802
50804
50805
50806
50807
50809
50811
50812
50813
50816
50817
50818
50819
50820
50821
50822
50824
50826
50827
50828
50830
50833
50834
50836
50838
50839
50840
50841
50842
50844
50845
50846
50849
50851
50852
50853
50854
50855
50857
50858
50861
50863
50865
50866
50868
50869
50870
50871
50873
50875
50878
50881
50883
50884
50885
50886
50888
50889
50890
50891
50892
50895
50896
50898
50899
50900
50901
50902
50903
50904
50905
50907
50909
50910
50911
50913
50916
50917
50918
50919
50923
50926
50928
50929
50934
50936
50939
50943
50944
50945
50946
50947
50949
50954
50957
50958
50960
50961
50962
50964
50965
50966
50967
50968
50969
50970
50972
50973
50974
50978
50979
50980
50981
50982
50985
50986
50987
50988
50990
50992
50993
50994
50995
50996
50997
50999
51000
51001
51002
51004
51005
51007
51012
51013
51016
51018
51019
51020
51021
51022
51026
51029
51032
51033
51034
51038
51039
51042
51043
51044
51047
51048
51049
51051
51052
51054
51055
51056
51058
51059
51060
51061
51062
51063
51064
51065
51066
51070
51071
51072
51073
51074
51075
51078
51081
51082
51083
51086
51087
51088
51089
51091
51093
51095
51096
51097
51100
51101
51102
51103
51104
51105
51108
51109
51110
51112
51114
51115
51116
51118
51119
51121
51123
51125
51126
51127
51131
51132
51133
51134
51135
51138
51140
51141
51142
51147
51148
51149
51150
51151
51152
51153
51156
51159
51160
51161
51163
51164
51165
51167
51168
51169
51171
51172
51173
51174
51175
51177
51178
51180
51183
51184
51185
51189
51190
51193
51196
51198
51201
51202
51204
51207
51208
51211
51215
51216
51217
51221
51222
51226
51228
51230
51232
51233
51236
51237
51241
51242
51246
51248
51249
51250
51251
51252
51254
51257
51259
51262
51263
51265
51267
51269
51270
51272
51274
51277
51280
51281
51282
51284
51285
51286
51287
51289
51291
51292
51293
51298
51299
51300
51301
51302
51303
51305
51312
51314
51316
51317
51318
51319
51321
51323
51324
51325
51328
51329
51331
51332
51335
51337
51338
51339
51340
51344
51345
51346
51347
51348
51349
51350
51351
51352
51353
51356
51358
51363
51364
51367
51368
51371
51373
51375
51377
51379
51382
51385
51386
51387
51390
51391
51392
51393
51394
51399
51400
51402
51404
51405
51406
51413
51414
51415
51416
51419
51421
51422
51423
51424
51425
51427
51428
51429
51431
51432
51433
51435
51437
51443
51445
51446
51448
51450
51451
51452
51453
51454
51455
51457
51458
51460
51462
51463
51465
51467
51469
51470
51474
51475
51477
51479
51480
51481
51483
51485
51487
51488
51490
51491
51492
51495
51499
51500
51503
51505
51509
51510
51511
51513
51516
51517
51518
51520
51522
51523
51524
51525
51527
51528
51530
51532
51533
51534
51535
51538
51540
51542
51543
51545
51547
51548
51550
51552
51557
51558
51560
51563
51564
51566
51567
51570
51571
51573
51575
51577
51578
51580
51581
51584
51585
51586
51587
51589
51590
51591
51595
51596
51597
51598
51599
51600
51601
51602
51603
51604
51605
51607
51614
51616
51617
51618
51619
51621
51622
51625
51626
51627
51629
51632
51633
51634
51636
51638
51639
51640
51643
51644
51646
51647
51651
51652
51655
51658
51664
51665
51666
51667
51668
51670
51671
51672
51677
51679
51681
51682
51689
51693
51695
51696
51698
51699
51702
51703
51704
51705
51706
51707
51709
51711
51712
51713
51714
51715
51716
51717
51718
51719
51724
51725
51728
51729
51731
51733
51735
51737
51738
51739
51740
51741
51742
51747
51748
51749
51751
51753
51755
51757
51758
51760
51761
51762
51763
51764
51765
51766
51767
51768
51771
51775
51776
51777
51779
51780
51783
51784
51787
51788
51790
51791
51792
51794
51797
51798
51799
51800
51805
51807
51808
51809
51811
51812
51813
51814
51816
51820
51823
51824
51826
51827
51829
51830
51832
51833
51834
51836
51837
51838
51839
51841
51842
51843
51844
51845
51847
51849
51851
51852
51853
51856
51857
51858
51861
51862
51863
51864
51867
51869
51870
51874
51877
51878
51880
51884
51887
51888
51890
51891
51892
51894
51896
51897
51898
51901
51902
51905
51906
51908
51911
51912
51913
51914
51915
51916
51917
51918
51919
51920
51921
51923
51927
51928
51929
51930
51932
51935
51937
51938
51939
51940
51943
51944
51945
51946
51947
51951
51954
51957
51960
51962
51968
51970
51971
51974
51976
51979
51980
51981
51982
51985
51986
51987
51988
51990
51991
51992
51993
51994
51995
51996
51998
51999
52003
52004
52005
52007
52009
52010
52013
52015
52016
52019
52021
52022
52023
52024
52028
52030
52031
52034
52036
52038
52039
52040
52041
52043
52045
52046
52047
52048
52049
52053
52054
52055
52057
52058
52059
52062
52063
52066
52069
52070
52071
52072
52074
52079
52080
52081
52082
52083
52084
52086
52087
52088
52091
52092
52095
52096
52098
52100
52101
52102
52104
52105
52106
52107
52108
52110
52113
52114
52115
52116
52117
52118
52121
52122
52124
52125
52126
52130
52131
52134
52135
52137
52138
52140
52142
52144
52145
52148
52150
52153
52154
52156
52158
52159
52161
52162
52164
52166
52167
52168
52169
52171
52173
52176
52177
52178
52179
52181
52182
52183
52184
52186
52188
52191
52192
52193
52196
52197
52200
52201
52202
52203
52204
52205
52206
52210
52213
52214
52215
52216
52217
52219
52220
52221
52223
52224
52227
52229
52231
52232
52233
52234
52235
52236
52237
52239
52241
52242
52244
52245
52249
52250
52251
52255
52257
52258
52259
52263
52264
52265
52266
52267
52269
52274
52275
52276
52277
52279
52280
52285
52286
52287
52288
52289
52291
52293
52296
52297
52299
52304
52305
52306
52308
52310
52314
52315
52316
52317
52318
52319
52322
52323
52324
52326
52328
52331
52333
52334
52335
52336
52339
52340
52341
52342
52344
52345
52349
52354
52355
52356
52357
52358
52362
52363
52364
52365
52367
52368
52369
52371
52372
52373
52374
52377
52379
52380
52382
52383
52385
52388
52390
52391
52394
52395
52400
52401
52402
52405
52406
52407
52408
52409
52413
52416
52417
52418
52421
52423
52424
52427
52428
52430
52434
52435
52439
52440
52441
52442
52449
52450
52452
52453
52454
52455
52456
52457
52459
52460
52461
52462
52466
52468
52469
52471
52474
52476
52479
52482
52484
52485
52486
52487
52491
52493
52494
52495
52496
52497
52498
52501
52502
52504
52505
52507
52509
52512
52513
52514
52515
52518
52521
52523
52525
52526
52527
52530
52531
52532
52533
52537
52539
52541
52542
52543
52545
52549
52551
52554
52555
52559
52562
52563
52564
52567
52568
52569
52570
52572
52574
52576
52581
52582
52583
52584
52586
52587
52588
52589
52591
52593
52594
52597
52598
52599
52601
52602
52603
52604
52607
52608
52609
52613
52615
52617
52618
52619
52620
52621
52623
52624
52625
52629
52632
52633
52634
52635
52637
52641
52642
52643
52644
52646
52648
52652
52656
52666
52667
52668
52669
52670
52671
52672
52675
52676
52677
52680
52681
52683
52684
52689
52690
52692
52694
52695
52696
52697
52698
52699
52700
52701
52703
52704
52705
52708
52710
52711
52712
52714
52715
52716
52717
52719
52721
52722
52723
52724
52727
52729
52731
52732
52735
52736
52737
52738
52739
52741
52742
52743
52744
52745
52747
52753
52755
52756
52758
52760
52764
52766
52769
52770
52774
52775
52779
52782
52783
52784
52785
52787
52790
52791
52792
52793
52794
52795
52797
52798
52800
52804
52807
52808
52811
52812
52813
52816
52820
52821
52822
52823
52824
52825
52826
52827
52828
52830
52831
52832
52836
52837
52839
52841
52842
52843
52844
52846
52847
52850
52853
52854
52855
52858
52859
52860
52861
52862
52865
52866
52867
52868
52872
52875
52877
52878
52879
52880
52882
52883
52885
52886
52887
52888
52890
52891
52893
52894
52895
52896
52901
52905
52906
52907
52909
52913
52915
52916
52917
52918
52920
52921
52922
52926
52928
52931
52933
52934
52936
52937
52938
52939
52940
52944
52947
52948
52949
52950
52952
52953
52954
52956
52957
52960
52962
52963
52964
52965
52969
52971
52972
52973
52975
52976
52977
52978
52979
52983
52984
52985
52988
52989
52991
52993
52996
52997
52998
52999
53000
53001
53002
53003
53005
53006
53007
53009
53010
53011
53012
53013
53017
53018
53021
53022
53023
53024
53026
53027
53028
53031
53032
53033
53034
53036
53038
53039
53042
53043
53044
53045
53047
53048
53051
53052
53057
53058
53059
53060
53062
53063
53064
53065
53068
53069
53071
53078
53081
53082
53084
53088
53090
53092
53093
53094
53095
53098
53100
53101
53102
53103
53104
53107
53108
53109
53110
53111
53115
53118
53119
53120
53121
53123
53128
53131
53132
53135
53140
53149
53150
53151
53153
53154
53155
53156
53157
53158
53161
53162
53163
53164
53169
53170
53171
53173
53174
53175
53176
53177
53178
53179
53180
53181
53182
53184
53185
53190
53191
53193
53194
53195
53196
53197
53199
53203
53204
53205
53210
53211
53212
53214
53215
53216
53218
53220
53221
53225
53229
53230
53231
53232
53233
53234
53235
53236
53238
53239
53241
53242
53244
53246
53247
53249
53250
53252
53254
53256
53258
53260
53261
53263
53264
53266
53268
53269
53273
53278
53279
53280
53281
53284
53288
53290
53291
53292
53293
53296
53297
53298
53299
53301
53302
53303
53305
53306
53310
53312
53313
53315
53318
53319
53320
53324
53325
53326
53328
53329
53330
53331
53332
53333
53337
53340
53342
53343
53344
53346
53347
53348
53349
53351
53352
53353
53354
53357
53359
53361
53363
53364
53365
53366
53367
53370
53371
53372
53373
53374
53377
53381
53383
53384
53385
53387
53388
53389
53390
53392
53395
53397
53401
53403
53404
53405
53408
53413
53418
53419
53420
53422
53423
53424
53425
53427
53428
53432
53434
53435
53440
53443
53447
53448
53451
53452
53453
53454
53455
53457
53458
53459
53461
53462
53463
53465
53467
53468
53469
53471
53472
53473
53474
53476
53478
53482
53486
53489
53490
53494
53495
53496
53498
53500
53502
53503
53504
53507
53508
53509
53510
53512
53513
53515
53516
53517
53518
53519
53523
53524
53528
53529
53531
53533
53534
53539
53540
53543
53544
53548
53549
53550
53551
53552
53553
53554
53556
53557
53560
53562
53563
53564
53565
53566
53567
53568
53569
53570
53571
53572
53573
53575
53576
53577
53580
53581
53582
53583
53586
53588
53590
53591
53592
53594
53599
53601
53603
53604
53607
53610
53611
53613
53614
53615
53620
53621
53622
53625
53626
53627
53628
53629
53630
53631
53632
53633
53635
53637
53640
53642
53644
53645
53646
53647
53649
53657
53658
53659
53662
53664
53665
53666
53667
53668
53670
53672
53673
53678
53680
53682
53683
53684
53685
53687
53690
53691
53692
53693
53695
53698
53701
53703
53705
53706
53707
53708
53709
53710
53712
53714
53715
53716
53719
53720
53722
53723
53724
53727
53730
53731
53738
53739
53741
53742
53743
53744
53745
53746
53747
53750
53753
53754
53755
53756
53757
53758
53759
53761
53762
53763
53764
53765
53766
53767
53768
53771
53772
53773
53774
53775
53777
53778
53780
53782
53783
53784
53785
53786
53787
53788
53790
53794
53795
53797
53798
53799
53803
53804
53807
53809
53810
53812
53815
53816
53817
53818
53820
53821
53826
53827
53828
53830
53834
53835
53837
53839
53843
53845
53846
53847
53848
53851
53853
53856
53857
53858
53865
53866
53867
53869
53870
53872
53874
53875
53876
53877
53879
53881
53882
53883
53886
53887
53893
53894
53895
53896
53897
53899
53900
53901
53904
53905
53907
53908
53909
53912
53914
53916
53917
53920
53921
53922
53925
53927
53932
53933
53934
53935
53936
53937
53938
53940
53942
53945
53947
53948
53949
53950
53951
53954
53956
53957
53958
53961
53962
53964
53966
53967
53969
53971
53972
53973
53975
53978
53979
53980
53983
53985
53987
53988
53990
53991
53992
53995
53997
53998
54000
54001
54003
54004
54007
54009
54010
54012
54013
54014
54015
54016
54018
54019
54020
54022
54024
54026
54029
54030
54032
54034
54036
54038
54039
54045
54046
54047
54048
54049
54050
54051
54052
54053
54054
54056
54058
54060
54062
54063
54066
54067
54068
54072
54073
54075
54077
54078
54080
54081
54082
54083
54085
54086
54087
54088
54089
54090
54092
54095
54096
54098
54100
54101
54102
54103
54104
54105
54107
54110
54113
54114
54117
54118
54119
54120
54121
54122
54123
54124
54127
54128
54130
54131
54134
54136
54137
54138
54140
54141
54144
54145
54149
54150
54151
54153
54154
54155
54157
54160
54161
54162
54163
54164
54165
54169
54170
54171
54172
54174
54175
54176
54177
54178
54179
54180
54182
54184
54185
54188
54191
54192
54193
54195
54196
54197
54198
54199
54200
54201
54204
54205
54212
54213
54215
54217
54218
54225
54226
54228
54230
54234
54235
54236
54237
54239
54243
54249
54250
54251
54253
54255
54256
54257
54259
54260
54261
54263
54265
54267
54268
54271
54272
54276
54278
54280
54281
54282
54283
54284
54285
54286
54289
54290
54291
54295
54297
54300
54302
54305
54306
54309
54311
54313
54316
54317
54318
54320
54322
54324
54325
54326
54328
54329
54330
54331
54332
54333
54334
54335
54337
54339
54341
54342
54343
54344
54345
54346
54347
54349
54350
54351
54352
54353
54354
54356
54357
54360
54361
54365
54367
54369
54370
54371
54372
54373
54375
54378
54383
54390
54391
54392
54393
54394
54395
54396
54397
54398
54400
54401
54402
54403
54404
54406
54407
54408
54409
54410
54412
54414
54416
54419
54420
54424
54425
54426
54428
54430
54431
54433
54434
54435
54437
54438
54439
54440
54441
54442
54443
54444
54445
54446
54447
54448
54449
54450
54451
54454
54455
54456
54458
54462
54463
54464
54465
54467
54469
54472
54473
54475
54476
54479
54480
54481
54484
54485
54486
54487
54488
54489
54490
54491
54494
54496
54498
54499
54500
54501
54503
54504
54506
54507
54508
54509
54510
54512
54513
54515
54517
54518
54519
54520
54521
54522
54524
54528
54530
54531
54532
54533
54535
54536
54537
54538
54545
54547
54549
54555
54557
54558
54559
54562
54564
54566
54568
54570
54571
54572
54574
54576
54578
54580
54583
54585
54586
54589
54590
54591
54592
54594
54595
54598
54600
54601
54602
54603
54604
54607
54609
54613
54615
54620
54622
54623
54627
54628
54630
54631
54632
54633
54634
54635
54636
54639
54640
54642
54643
54645
54646
54647
54648
54649
54650
54652
54653
54655
54656
54657
54658
54660
54662
54664
54665
54666
54668
54669
54671
54674
54677
54679
54681
54682
54683
54684
54685
54686
54688
54690
54692
54694
54695
54696
54697
54701
54704
54706
54707
54709
54711
54712
54716
54717
54720
54723
54724
54726
54729
54731
54733
54735
54741
54742
54743
54746
54749
54750
54751
54752
54755
54757
54758
54760
54761
54762
54763
54768
54770
54777
54778
54783
54784
54787
54791
54792
54793
54794
54796
54797
54798
54800
54802
54803
54805
54809
54810
54811
54812
54814
54818
54819
54822
54823
54824
54825
54826
54827
54829
54833
54834
54835
54837
54838
54839
54840
54841
54842
54843
54845
54846
54847
54848
54853
54854
54856
54858
54860
54861
54863
54864
54865
54866
54868
54869
54870
54871
54872
54874
54876
54877
54878
54879
54880
54883
54887
54890
54891
54894
54895
54897
54898
54899
54902
54904
54905
54906
54907
54908
54911
54912
54918
54920
54921
54922
54923
54924
54925
54926
54927
54930
54931
54934
54935
54938
54940
54941
54946
54949
54950
54952
54953
54961
54962
54963
54965
54968
54969
54971
54972
54974
54975
54977
54979
54981
54982
54983
54987
54989
54990
54991
54994
54997
54999
55001
55002
55003
55005
55008
55009
55010
55011
55012
55013
55015
55016
55018
55019
55020
55021
55022
55024
55028
55029
55031
55033
55034
55037
55040
55041
55043
55044
55045
55046
55049
55050
55051
55053
55054
55055
55064
55065
55066
55068
55070
55071
55072
55075
55076
55079
55080
55083
55084
55088
55090
55091
55092
55093
55096
55097
55098
55100
55101
55102
55103
55104
55109
55110
55111
55112
55115
55117
55119
55120
55121
55123
55124
55125
55126
55127
55128
55129
55131
55134
55135
55136
55137
55139
55140
55141
55144
55147
55148
55149
55152
55154
55157
55158
55159
55162
55163
55166
55167
55168
55169
55172
55174
55175
55176
55177
55178
55180
55182
55183
55185
55186
55187
55188
55190
55191
55192
55193
55194
55195
55197
55198
55199
55200
55203
55204
55205
55207
55208
55209
55211
55214
55217
55218
55219
55220
55222
55223
55225
55226
55229
55230
55235
55237
55239
55241
55243
55246
55247
55248
55253
55255
55257
55260
55261
55262
55264
55266
55267
55269
55270
55271
55272
55275
55276
55280
55282
55284
55285
55286
55289
55290
55291
55292
55293
55294
55296
55297
55300
55301
55303
55304
55309
55310
55312
55313
55316
55319
55320
55321
55323
55325
55326
55328
55330
55331
55333
55334
55336
55337
55338
55339
55340
55341
55343
55346
55347
55348
55350
55353
55354
55355
55358
55360
55361
55365
55366
55368
55369
55371
55374
55379
55381
55382
55383
55384
55385
55387
55388
55389
55390
55391
55393
55394
55397
55398
55399
55400
55401
55402
55403
55404
55405
55409
55413
55415
55416
55417
55419
55420
55421
55422
55425
55428
55431
55432
55436
55437
55442
55444
55445
55446
55447
55450
55452
55453
55455
55456
55457
55459
55460
55461
55462
55464
55465
55467
55469
55470
55471
55473
55474
55476
55477
55479
55480
55481
55485
55487
55488
55492
55493
55494
55495
55497
55499
55500
55502
55504
55508
55509
55510
55511
55513
55517
55520
55521
55523
55524
55526
55528
55529
55530
55531
55532
55538
55539
55541
55544
55546
55547
55548
55550
55552
55553
55554
55555
55556
55558
55560
55561
55563
55564
55566
55572
55573
55574
55577
55578
55581
55582
55583
55584
55586
55589
55590
55592
55594
55595
55597
55598
55601
55604
55605
55607
55608
55609
55613
55614
55615
55616
55621
55624
55626
55627
55628
55630
55632
55635
55636
55637
55639
55640
55641
55644
55646
55648
55649
55651
55652
55654
55655
55656
55657
55662
55663
55665
55666
55667
55671
55672
55673
55674
55679
55683
55685
55686
55688
55689
55690
55691
55692
55694
55696
55697
55698
55699
55700
55701
55704
55705
55707
55708
55710
55713
55714
55716
55718
55720
55721
55724
55725
55726
55727
55730
55734
55736
55737
55739
55740
55741
55742
55746
55747
55748
55749
55750
55751
55754
55755
55758
55759
55760
55761
55763
55764
55767
55769
55772
55773
55776
55777
55778
55781
55783
55784
55786
55787
55788
55791
55794
55795
55798
55802
55803
55804
55805
55809
55810
55811
55812
55813
55814
55816
55817
55819
55822
55824
55825
55827
55828
55829
55830
55833
55834
55835
55836
55837
55842
55843
55844
55847
55849
55851
55852
55853
55854
55856
55858
55863
55866
55869
55870
55873
55874
55875
55877
55879
55880
55882
55883
55884
55887
55892
55893
55894
55896
55897
55901
55902
55905
55906
55907
55909
55910
55911
55912
55914
55916
55919
55920
55921
55924
55927
55928
55929
55931
55932
55933
55936
55938
55941
55943
55944
55947
55948
55951
55953
55954
55955
55957
55958
55959
55960
55961
55962
55965
55966
55967
55968
55972
55979
55980
55983
55985
55986
55989
55990
55991
55992
55993
55995
55996
55997
56000
56001
56005
56006
56008
56009
56010
56012
56015
56017
56018
56019
56020
56021
56024
56025
56029
56032
56033
56034
56035
56036
56038
56039
56040
56041
56042
56045
56046
56048
56049
56050
56052
56053
56054
56056
56057
56058
56059
56060
56062
56063
56064
56065
56066
56068
56069
56071
56072
56073
56075
56076
56077
56082
56083
56084
56085
56086
56089
56090
56091
56093
56095
56096
56099
56100
56101
56102
56105
56106
56107
56108
56109
56110
56111
56112
56113
56114
56116
56119
56120
56121
56124
56125
56126
56128
56129
56131
56134
56135
56138
56141
56142
56143
56145
56146
56147
56148
56149
56150
56151
56153
56154
56155
56157
56158
56159
56160
56161
56163
56171
56172
56175
56178
56179
56180
56182
56186
56188
56191
56194
56195
56200
56201
56204
56205
56206
56207
56209
56211
56212
56214
56215
56216
56219
56220
56222
56223
56224
56225
56226
56231
56232
56234
56236
56237
56238
56239
56241
56243
56244
56245
56246
56248
56250
56251
56252
56253
56254
56255
56256
56262
56264
56265
56266
56267
56268
56269
56271
56272
56273
56275
56276
56277
56280
56281
56283
56284
56285
56286
56287
56289
56291
56293
56297
56298
56299
56300
56301
56302
56303
56306
56307
56309
56310
56312
56314
56319
56321
56324
56326
56327
56329
56331
56332
56333
56336
56338
56339
56340
56342
56343
56345
56346
56348
56350
56351
56352
56353
56355
56356
56359
56360
56361
56363
56367
56368
56374
56376
56377
56379
56380
56383
56384
56385
56386
56388
56389
56391
56392
56395
56398
56400
56402
56403
56404
56405
56406
56407
56408
56409
56410
56412
56413
56416
56417
56419
56421
56422
56424
56429
56430
56431
56434
56435
56437
56439
56441
56442
56444
56445
56446
56447
56449
56450
56452
56453
56454
56459
56460
56461
56462
56465
56467
56474
56475
56476
56477
56479
56481
56482
56483
56484
56488
56490
56491
56492
56494
56495
56496
56497
56499
56500
56501
56503
56505
56506
56508
56510
56511
56514
56518
56520
56522
56524
56526
56533
56541
56542
56543
56544
56547
56548
56549
56550
56551
56553
56554
56555
56556
56561
56562
56564
56565
56566
56567
56568
56570
56572
56573
56574
56576
56577
56579
56582
56587
56588
56590
56592
56593
56594
56601
56602
56603
56604
56605
56606
56607
56608
56610
56614
56615
56616
56617
56618
56619
56621
56622
56624
56625
56626
56629
56631
56633
56634
56636
56638
56642
56643
56644
56645
56646
56647
56648
56653
56654
56655
56657
56658
56659
56662
56664
56666
56667
56668
56669
56670
56672
56674
56675
56676
56678
56679
56680
56682
56683
56684
56685
56686
56688
56689
56692
56693
56697
56698
56700
56702
56703
56704
56706
56707
56708
56710
56711
56713
56715
56717
56718
56719
56720
56721
56724
56725
56726
56727
56731
56732
56733
56738
56743
56745
56746
56748
56750
56751
56753
56754
56755
56756
56757
56759
56762
56763
56766
56770
56771
56775
56776
56778
56780
56781
56784
56785
56786
56790
56792
56793
56794
56795
56796
56797
56798
56799
56800
56801
56802
56805
56806
56808
56809
56810
56813
56814
56815
56817
56818
56821
56824
56825
56826
56827
56829
56831
56833
56834
56835
56836
56837
56838
56840
56841
56845
56847
56850
56852
56853
56854
56856
56858
56860
56861
56865
56866
56867
56869
56870
56871
56872
56876
56877
56878
56881
56882
56883
56885
56888
56889
56891
56892
56895
56898
56900
56901
56902
56903
56905
56909
56911
56912
56913
56919
56920
56921
56924
56927
56928
56929
56930
56932
56933
56934
56937
56940
56941
56944
56945
56946
56947
56949
56950
56951
56952
56954
56956
56957
56960
56961
56962
56964
56966
56967
56969
56970
56972
56974
56975
56976
56977
56979
56980
56981
56982
56983
56985
56986
56989
56994
56996
56997
56998
57000
57001
57002
57004
57005
57006
57008
57010
57012
57016
57017
57018
57020
57022
57023
57026
57027
57029
57030
57033
57034
57036
57037
57038
57039
57040
57041
57043
57047
57049
57052
57056
57057
57058
57059
57063
57064
57067
57068
57070
57072
57073
57074
57075
57076
57077
57078
57080
57081
57082
57083
57090
57092
57093
57094
57097
57098
57099
57101
57105
57106
57108
57109
57113
57114
57115
57116
57117
57123
57124
57127
57128
57130
57134
57135
57136
57138
57139
57141
57143
57145
57146
57147
57148
57150
57152
57153
57154
57155
57156
57157
57158
57159
57160
57162
57164
57167
57169
57170
57174
57176
57177
57179
57180
57182
57183
57184
57185
57186
57187
57188
57189
57190
57193
57194
57195
57197
57199
57202
57203
57204
57206
57207
57210
57213
57214
57215
57220
57224
57226
57227
57228
57230
57231
57232
57233
57239
57240
57243
57247
57250
57251
57252
57255
57256
57257
57260
57262
57264
57266
57267
57268
57269
57270
57271
57272
57273
57274
57276
57277
57278
57279
57280
57281
57283
57285
57286
57287
57290
57291
57292
57293
57295
57298
57300
57302
57303
57304
57306
57307
57309
57310
57312
57315
57316
57317
57318
57322
57323
57326
57329
57330
57332
57334
57335
57336
57338
57339
57343
57345
57346
57347
57348
57349
57350
57351
57355
57356
57357
57359
57360
57361
57362
57364
57365
57369
57370
57371
57373
57374
57376
57379
57380
57382
57383
57385
57386
57388
57389
57392
57393
57395
57396
57399
57400
57401
57405
57408
57410
57412
57415
57416
57418
57419
57420
57423
57425
57426
57427
57428
57429
57430
57431
57434
57436
57439
57440
57441
57442
57446
57447
57448
57449
57450
57453
57455
57456
57457
57459
57460
57461
57462
57463
57464
57465
57468
57469
57471
57473
57475
57476
57477
57478
57480
57481
57483
57484
57488
57489
57493
57494
57495
57496
57497
57500
57501
57502
57504
57505
57509
57510
57512
57516
57518
57519
57520
57521
57522
57523
57525
57527
57529
57530
57533
57535
57537
57538
57539
57543
57544
57546
57547
57548
57550
57551
57552
57553
57554
57555
57556
57558
57562
57563
57566
57567
57568
57571
57573
57574
57575
57576
57579
57580
57582
57589
57591
57592
57593
57598
57600
57601
57603
57607
57608
57609
57610
57612
57613
57614
57615
57616
57617
57620
57624
57625
57626
57627
57630
57631
57633
57635
57638
57641
57644
57645
57647
57648
57649
57651
57652
57653
57654
57658
57663
57664
57666
57667
57669
57670
57671
57672
57673
57675
57676
57677
57678
57679
57680
57681
57682
57683
57684
57686
57687
57688
57689
57690
57692
57694
57695
57697
57700
57701
57702
57703
57704
57705
57706
57708
57709
57715
57718
57719
57721
57722
57723
57724
57725
57726
57730
57731
57732
57733
57735
57737
57738
57739
57741
57743
57745
57748
57749
57750
57751
57752
57756
57759
57760
57761
57762
57764
57766
57768
57769
57770
57772
57774
57775
57776
57779
57780
57781
57785
57786
57788
57789
57790
57792
57793
57795
57797
57798
57799
57804
57805
57809
57810
57813
57814
57816
57817
57818
57819
57820
57822
57823
57826
57830
57831
57832
57837
57838
57839
57840
57841
57842
57847
57848
57851
57852
57853
57854
57855
57861
57863
57864
57866
57867
57868
57869
57870
57871
57874
57875
57878
57880
57881
57883
57885
57887
57888
57890
57891
57892
57894
57895
57897
57898
57899
57900
57902
57903
57905
57909
57912
57913
57914
57916
57919
57920
57921
57922
57923
57924
57927
57929
57931
57934
57935
57936
57938
57939
57941
57942
57943
57945
57947
57948
57950
57952
57953
57954
57955
57956
57961
57962
57963
57964
57965
57966
57967
57968
57969
57970
57971
57972
57975
57976
57984
57986
57988
57990
57991
57992
57994
57995
57996
57998
58001
58002
58004
58005
58006
58008
58009
58011
58014
58015
58017
58019
58020
58021
58023
58025
58027
58028
58030
58031
58032
58033
58034
58037
58039
58040
58041
58043
58045
58046
58048
58049
58050
58051
58056
58061
58062
58063
58064
58065
58068
58069
58074
58075
58076
58077
58078
58079
58082
58086
58088
58089
58090
58093
58097
58099
58101
58102
58104
58105
58106
58107
58109
58110
58111
58112
58114
58116
58117
58118
58119
58124
58127
58129
58130
58131
58132
58134
58136
58137
58138
58139
58141
58142
58145
58146
58147
58148
58152
58155
58159
58161
58162
58167
58168
58170
58172
58177
58179
58180
58182
58183
58184
58187
58190
58193
58196
58197
58199
58201
58203
58204
58207
58209
58212
58213
58214
58215
58216
58217
58218
58220
58221
58223
58224
58226
58228
58229
58231
58235
58236
58239
58240
58242
58243
58244
58245
58246
58247
58248
58249
58250
58252
58253
58256
58257
58258
58261
58262
58263
58264
58266
58267
58268
58269
58271
58272
58273
58276
58278
58279
58281
58282
58283
58284
58285
58288
58289
58290
58291
58292
58295
58296
58297
58298
58300
58301
58303
58304
58305
58306
58307
58308
58313
58314
58316
58318
58319
58320
58322
58324
58325
58326
58329
58331
58332
58333
58334
58335
58336
58339
58340
58341
58343
58344
58345
58346
58347
58348
58349
58351
58352
58353
58354
58355
58356
58357
58358
58360
58361
58363
58367
58368
58369
58370
58372
58373
58375
58378
58379
58382
58383
58385
58386
58388
58389
58390
58391
58392
58393
58394
58395
58396
58397
58398
58399
58400
58404
58405
58409
58410
58411
58412
58415
58416
58417
58418
58419
58420
58424
58428
58431
58433
58436
58437
58438
58439
58440
58442
58443
58445
58447
58448
58452
58453
58455
58457
58459
58460
58462
58463
58464
58466
58467
58468
58469
58470
58475
58476
58477
58478
58479
58481
58483
58485
58486
58488
58489
58490
58491
58492
58493
58495
58496
58498
58500
58501
58502
58503
58504
58506
58507
58510
58513
58515
58516
58520
58523
58524
58525
58527
58528
58534
58535
58536
58541
58542
58544
58547
58549
58553
58554
58555
58557
58559
58560
58561
58562
58563
58566
58567
58569
58570
58571
58572
58573
58574
58575
58576
58577
58578
58580
58586
58587
58588
58589
58590
58593
58595
58597
58599
58600
58601
58603
58608
58609
58610
58611
58612
58615
58616
58617
58618
58619
58623
58625
58629
58630
58632
58636
58638
58640
58642
58643
58644
58646
58648
58650
58652
58654
58656
58657
58658
58659
58660
58661
58662
58664
58667
58668
58672
58675
58677
58679
58681
58683
58684
58686
58687
58688
58691
58693
58694
58695
58696
58698
58701
58702
58704
58706
58707
58708
58709
58711
58714
58716
58719
58721
58722
58726
58727
58728
58730
58731
58732
58733
58737
58739
58740
58741
58743
58744
58747
58748
58749
58752
58753
58754
58755
58756
58757
58758
58759
58763
58764
58766
58767
58768
58769
58770
58771
58773
58774
58775
58777
58782
58783
58784
58785
58786
58788
58789
58790
58794
58795
58797
58798
58799
58800
58802
58803
58804
58806
58807
58808
58810
58811
58812
58814
58815
58817
58820
58823
58826
58827
58828
58831
58833
58834
58837
58838
58840
58841
58843
58844
58846
58847
58848
58849
58854
58858
58859
58861
58862
58863
58864
58866
58868
58870
58872
58875
58876
58878
58879
58881
58886
58891
58894
58895
58899
58900
58901
58902
58903
58904
58905
58907
58911
58913
58914
58916
58917
58918
58919
58920
58921
58922
58923
58924
58929
58930
58931
58934
58938
58941
58942
58944
58945
58947
58949
58950
58951
58953
58954
58961
58962
58966
58968
58972
58973
58974
58977
58979
58980
58981
58982
58983
58986
58989
58990
58991
58994
58997
59001
59003
59005
59006
59007
59008
59009
59014
59018
59019
59022
59023
59024
59026
59027
59028
59030
59032
59033
59034
59035
59036
59037
59038
59039
59040
59041
59043
59044
59047
59048
59049
59051
59053
59054
59055
59056
59057
59058
59063
59065
59066
59067
59070
59071
59072
59073
59075
59077
59078
59080
59081
59082
59084
59088
59090
59091
59096
59098
59099
59101
59103
59105
59106
59107
59108
59109
59110
59111
59112
59114
59115
59117
59119
59121
59122
59123
59124
59125
59127
59128
59129
59132
59134
59135
59137
59139
59142
59144
59145
59146
59148
59149
59150
59153
59154
59155
59156
59161
59163
59164
59166
59168
59169
59170
59172
59173
59177
59179
59180
59181
59183
59184
59186
59188
59189
59191
59194
59195
59198
59200
59204
59206
59211
59212
59214
59215
59218
59219
59220
59222
59223
59224
59225
59228
59229
59231
59234
59235
59236
59237
59240
59241
59243
59244
59246
59247
59249
59250
59252
59253
59255
59258
59263
59264
59265
59266
59267
59270
59273
59274
59275
59276
59277
59278
59279
59281
59282
59283
59284
59285
59286
59289
59290
59291
59293
59294
59295
59297
59298
59299
59300
59302
59305
59307
59310
59312
59314
59317
59318
59319
59320
59322
59324
59328
59331
59332
59336
59338
59340
59341
59342
59344
59346
59347
59350
59351
59352
59353
59356
59359
59361
59363
59366
59367
59368
59369
59371
59373
59374
59375
59377
59378
59380
59385
59386
59388
59389
59390
59393
59394
59396
59398
59399
59403
59405
59407
59410
59413
59414
59415
59416
59418
59420
59422
59423
59424
59425
59426
59427
59429
59430
59431
59433
59435
59436
59439
59440
59442
59446
59447
59449
59450
59451
59453
59454
59455
59457
59458
59459
59461
59463
59464
59465
59466
59468
59470
59471
59472
59473
59474
59476
59477
59478
59480
59481
59482
59483
59484
59485
59486
59487
59488
59489
59490
59492
59494
59495
59496
59497
59498
59499
59500
59502
59504
59507
59508
59510
59511
59512
59513
59514
59517
59519
59520
59522
59523
59524
59525
59526
59527
59529
59530
59531
59532
59535
59536
59537
59538
59540
59544
59545
59547
59548
59549
59550
59551
59552
59553
59555
59556
59557
59559
59560
59563
59564
59565
59567
59568
59570
59571
59579
59580
59581
59582
59584
59585
59588
59589
59591
59592
59594
59595
59598
59599
59600
59605
59606
59608
59611
59615
59620
59623
59624
59626
59628
59630
59632
59635
59636
59638
59640
59642
59644
59646
59648
59650
59652
59654
59657
59662
59663
59665
59666
59667
59670
59671
59674
59675
59676
59678
59681
59682
59685
59686
59687
59690
59691
59692
59694
59695
59698
59699
59700
59701
59703
59704
59706
59707
59708
59709
59711
59712
59714
59715
59716
59722
59723
59726
59727
59728
59730
59731
59732
59734
59739
59744
59746
59747
59748
59749
59750
59753
59754
59755
59756
59758
59760
59761
59764
59766
59767
59768
59769
59770
59776
59779
59780
59781
59784
59785
59786
59788
59789
59791
59792
59795
59796
59797
59798
59799
59800
59801
59802
59804
59805
59806
59809
59810
59813
59814
59815
59817
59818
59819
59822
59823
59826
59827
59828
59829
59830
59831
59832
59833
59837
59839
59840
59841
59842
59844
59845
59846
59847
59850
59852
59855
59856
59858
59860
59864
59865
59866
59868
59871
59872
59873
59874
59876
59879
59880
59881
59884
59885
59886
59887
59892
59893
59897
59898
59899
59903
59908
59909
59912
59913
59914
59915
59916
59917
59918
59920
59922
59924
59927
59929
59930
59932
59934
59936
59938
59940
59945
59946
59948
59951
59954
59955
59956
59958
59960
59961
59963
59964
59965
59966
59967
59968
59969
59970
59972
59976
59977
59978
59979
59980
59981
59985
59986
59987
59988
59989
59990
59991
59993
59995
59999
