90000
90001
90004
90005
90006
90008
90011
90014
90016
90017
90019
90022
90023
90024
90027
90028
90029
90030
90031
90033
90038
90040
90041
90043
90045
90046
90047
90048
90050
90051
90052
90056
90057
90058
90061
90065
90066
90069
90070
90071
90074
90077
90079
90080
90083
90084
90085
90086
90088
90089
90091
90094
90096
90097
90098
90099
90101
90103
90106
90107
90111
90113
90114
90116
90117
90118
90119
90121
90122
90123
90125
90126
90131
90133
90135
90137
90138
90139
90140
90141
90142
90143
90144
90145
90146
90147
90148
90149
90150
90153
90154
90156
90157
90158
90160
90163
90166
90167
90168
90169
90171
90172
90173
90174
90175
90177
90181
90182
90184
90185
90186
90187
90189
90190
90196
90199
90200
90202
90204
90205
90208
90210
90212
90216
90217
90218
90224
90226
90227
90229
90231
90232
90233
90236
90238
90240
90242
90244
90247
90249
90250
90252
90254
90256
90257
90258
90259
90260
90262
90263
90266
90269
90272
90275
90277
90278
90279
90282
90283
90284
90287
90288
90289
90290
90291
90292
90293
90294
90300
90303
90307
90308
90309
90310
90311
90312
90314
90315
90316
90317
90322
90323
90324
90327
90329
90331
90332
90334
90336
90337
90338
90340
90341
90342
90343
90344
90345
90347
90348
90350
90351
90352
90353
90355
90356
90357
90358
90359
90361
90362
90363
90367
90370
90371
90372
90375
90376
90377
90379
90381
90385
90386
90387
90389
90390
90392
90393
90398
90400
90403
90405
90406
90408
90411
90413
90414
90415
90417
90418
90420
90421
90423
90424
90425
90427
90429
90431
90432
90436
90437
90438
90444
90445
90446
90449
90450
90453
90454
90455
90457
90458
90460
90464
90467
90468
90469
90470
90472
90474
90475
90476
90477
90478
90479
90480
90483
90485
90486
90487
90490
90491
90492
90494
90496
90499
90501
90502
90505
90508
90512
90515
90517
90519
90520
90521
90522
90524
90525
90526
90528
90529
90531
90533
90534
90535
90537
90538
90539
90540
90542
90543
90544
90546
90548
90549
90550
90553
90555
90557
90558
90560
90562
90563
90564
90565
90568
90569
90571
90572
90575
90577
90578
90579
90580
90581
90582
90584
90587
90588
90589
90590
90592
90593
90594
90596
90600
90601
90602
90606
90607
90608
90610
90611
90612
90616
90617
90621
90622
90623
90624
90625
90626
90627
90628
90631
90633
90634
90636
90637
90638
90639
90640
90641
90643
90644
90646
90647
90648
90649
90652
90653
90654
90655
90656
90660
90661
90663
90664
90665
90668
90670
90671
90672
90673
90674
90675
90676
90678
90679
90680
90681
90683
90685
90686
90688
90689
90690
90695
90696
90702
90703
90705
90706
90707
90709
90715
90718
90719
90720
90721
90723
90725
90727
90732
90734
90735
90736
90738
90741
90743
90744
90746
90748
90749
90753
90755
90757
90758
90759
90760
90761
90763
90764
90765
90767
90768
90769
90770
90771
90772
90773
90775
90776
90777
90779
90780
90782
90784
90785
90790
90792
90795
90799
90800
90801
90802
90803
90805
90806
90811
90812
90813
90816
90817
90819
90821
90822
90824
90826
90828
90829
90831
90832
90834
90835
90836
90837
90838
90839
90842
90843
90845
90846
90848
90849
90854
90855
90856
90858
90860
90861
90862
90866
90867
90868
90871
90873
90874
90876
90879
90880
90881
90883
90885
90887
90888
90889
90890
90892
90893
90897
90898
90900
90902
90903
90904
90905
90906
90907
90909
90910
90911
90915
90916
90917
90919
90920
90922
90923
90924
90925
90926
90927
90928
90930
90931
90934
90935
90938
90939
90940
90941
90942
90943
90945
90948
90950
90952
90956
90957
90961
90962
90965
90966
90973
90976
90978
90979
90983
90984
90985
90986
90988
90991
90992
90993
90994
90998
90999
91000
91001
91002
91003
91005
91006
91007
91011
91012
91013
91015
91016
91017
91019
91020
91021
91023
91028
91031
91032
91033
91034
91036
91038
91040
91043
91044
91045
91046
91047
91048
91051
91054
91055
91057
91058
91060
91061
91062
91063
91064
91065
91066
91068
91070
91072
91074
91076
91078
91080
91086
91087
91088
91089
91090
91091
91093
91098
91099
91101
91105
91107
91111
91114
91117
91122
91125
91132
91135
91137
91138
91139
91141
91142
91143
91144
91146
91148
91151
91152
91154
91155
91156
91157
91158
91163
91164
91166
91168
91170
91173
91174
91175
91176
91177
91178
91179
91181
91184
91185
91187
91188
91190
91193
91194
91196
91197
91198
91199
91203
91204
91206
91207
91208
91209
91212
91214
91215
91216
91217
91218
91220
91222
91223
91225
91226
91227
91228
91229
91231
91234
91235
91243
91246
91249
91251
91254
91259
91260
91261
91262
91263
91265
91266
91272
91273
91274
91275
91276
91278
91280
91284
91286
91288
91289
91291
91292
91297
91298
91299
91302
91303
91306
91307
91308
91311
91312
91313
91316
91317
91324
91327
91329
91330
91332
91333
91334
91338
91341
91343
91345
91346
91347
91350
91352
91353
91354
91355
91356
91359
91360
91361
91362
91365
91367
91368
91371
91372
91374
91377
91378
91379
91380
91381
91382
91383
91385
91388
91389
91391
91398
91400
91402
91403
91405
91407
91408
91411
91412
91413
91415
91417
91418
91419
91420
91421
91422
91424
91425
91426
91427
91428
91432
91435
91436
91438
91439
91440
91441
91442
91446
91448
91449
91452
91453
91454
91456
91457
91461
91462
91464
91465
91466
91467
91469
91471
91475
91477
91481
91483
91485
91486
91487
91490
91494
91495
91496
91497
91498
91499
91500
91501
91502
91503
91504
91506
91509
91511
91515
91518
91521
91522
91523
91524
91526
91531
91533
91534
91535
91539
91540
91541
91543
91544
91545
91546
91547
91549
91552
91553
91554
91556
91557
91558
91559
91562
91563
91565
91566
91568
91572
91573
91575
91576
91578
91579
91580
91581
91582
91583
91584
91585
91587
91588
91591
91592
91593
91595
91596
91601
91602
91606
91607
91611
91613
91614
91615
91618
91619
91623
91625
91626
91627
91628
91630
91633
91635
91638
91639
91640
91645
91646
91647
91648
91650
91654
91655
91656
91658
91661
91663
91664
91665
91666
91667
91668
91669
91670
91673
91674
91675
91677
91679
91682
91683
91684
91685
91689
91690
91693
91694
91695
91699
91700
91701
91702
91703
91705
91710
91712
91713
91714
91716
91718
91719
91720
91721
91722
91723
91724
91726
91729
91730
91731
91734
91735
91736
91738
91739
91744
91745
91747
91748
91749
91752
91756
91758
91759
91760
91761
91764
91765
91768
91769
91771
91772
91773
91776
91777
91778
91779
91780
91782
91783
91785
91786
91787
91788
91789
91792
91795
91796
91798
91799
91800
91801
91804
91805
91806
91807
91809
91810
91812
91813
91818
91819
91827
91829
91830
91832
91833
91834
91835
91838
91840
91841
91842
91843
91847
91848
91851
91852
91853
91856
91857
91858
91859
91861
91863
91866
91867
91871
91872
91873
91874
91876
91877
91883
91886
91888
91891
91893
91896
91898
91899
91900
91901
91902
91903
91904
91905
91906
91907
91908
91910
91915
91917
91919
91921
91923
91926
91930
91933
91934
91935
91938
91939
91941
91942
91943
91945
91946
91948
91949
91950
91952
91953
91954
91955
91957
91958
91959
91960
91964
91967
91970
91971
91973
91974
91975
91978
91979
91980
91981
91986
91987
91988
91990
91992
91997
92001
92002
92004
92005
92006
92008
92010
92012
92013
92014
92015
92016
92017
92018
92020
92022
92024
92025
92027
92028
92032
92035
92037
92038
92039
92042
92044
92047
92048
92052
92053
92054
92057
92058
92059
92062
92063
92064
92065
92066
92067
92070
92072
92074
92076
92077
92078
92082
92083
92084
92085
92087
92088
92089
92090
92093
92095
92096
92098
92099
92101
92103
92105
92106
92108
92110
92111
92112
92114
92116
92122
92123
92124
92125
92127
92128
92130
92132
92135
92136
92138
92141
92142
92143
92144
92145
92146
92148
92149
92152
92153
92154
92159
92160
92161
92163
92164
92167
92171
92174
92181
92182
92185
92187
92188
92190
92192
92193
92194
92196
92208
92209
92210
92213
92214
92215
92219
92220
92221
92225
92226
92227
92229
92230
92234
92236
92241
92243
92244
92246
92248
92250
92251
92260
92261
92265
92267
92268
92269
92272
92273
92274
92276
92277
92282
92283
92286
92287
92288
92291
92293
92294
92295
92298
92299
92301
92302
92303
92304
92305
92309
92311
92312
92314
92315
92316
92317
92318
92319
92320
92324
92325
92327
92328
92329
92333
92335
92337
92338
92340
92342
92343
92344
92346
92348
92349
92352
92355
92356
92358
92359
92360
92361
92363
92364
92366
92368
92369
92370
92371
92372
92373
92374
92377
92378
92380
92384
92386
92387
92389
92390
92392
92393
92394
92395
92396
92398
92399
92400
92404
92405
92406
92407
92408
92409
92412
92413
92414
92415
92420
92422
92424
92426
92427
92431
92433
92434
92435
92438
92440
92442
92444
92445
92447
92448
92449
92451
92452
92454
92455
92456
92457
92459
92460
92462
92463
92466
92468
92469
92471
92473
92475
92476
92478
92479
92480
92487
92488
92489
92490
92493
92494
92495
92498
92500
92502
92503
92506
92507
92508
92510
92512
92516
92518
92522
92523
92525
92527
92529
92531
92532
92533
92534
92535
92538
92539
92540
92543
92545
92546
92548
92549
92551
92553
92554
92556
92558
92559
92561
92563
92566
92570
92572
92573
92575
92576
92577
92578
92581
92582
92583
92584
92585
92586
92588
92590
92591
92592
92593
92595
92597
92598
92601
92604
92606
92607
92608
92610
92613
92614
92616
92618
92619
92622
92624
92626
92627
92628
92630
92635
92636
92637
92639
92644
92646
92647
92649
92652
92653
92656
92657
92659
92660
92663
92664
92665
92666
92668
92672
92673
92674
92677
92678
92680
92686
92687
92688
92689
92691
92693
92694
92695
92696
92698
92699
92701
92703
92704
92706
92707
92708
92709
92714
92715
92717
92718
92720
92721
92722
92724
92725
92729
92730
92731
92732
92733
92734
92735
92736
92740
92741
92744
92745
92747
92749
92753
92754
92755
92757
92760
92761
92764
92769
92773
92774
92775
92778
92779
92781
92784
92785
92786
92789
92796
92797
92799
92801
92802
92804
92805
92807
92808
92810
92811
92814
92817
92818
92819
92820
92824
92825
92826
92829
92831
92833
92835
92838
92841
92842
92843
92844
92845
92849
92851
92852
92855
92856
92858
92862
92865
92866
92870
92873
92874
92877
92878
92879
92881
92882
92884
92885
92888
92889
92892
92894
92895
92899
92900
92901
92902
92903
92905
92906
92907
92909
92911
92913
92914
92917
92918
92920
92921
92922
92924
92925
92926
92928
92929
92934
92936
92940
92941
92942
92943
92944
92946
92954
92957
92965
92966
92967
92968
92970
92971
92972
92975
92976
92978
92982
92984
92987
92989
92990
92992
92993
92994
92995
92996
92997
92998
92999
93000
93003
93004
93010
93011
93014
93015
93016
93017
93018
93020
93022
93023
93026
93029
93032
93033
93034
93035
93036
93037
93038
93041
93042
93045
93046
93047
93048
93049
93052
93053
93055
93057
93058
93059
93061
93063
93065
93068
93069
93070
93072
93073
93075
93077
93078
93080
93082
93083
93086
93089
93090
93091
93092
93094
93097
93102
93104
93105
93106
93107
93110
93111
93113
93114
93115
93116
93118
93119
93121
93122
93125
93128
93131
93132
93134
93135
93137
93138
93139
93140
93143
93144
93147
93148
93149
93151
93155
93156
93157
93158
93160
93162
93164
93166
93168
93170
93173
93174
93175
93176
93177
93178
93179
93181
93182
93184
93185
93189
93190
93193
93194
93197
93198
93199
93200
93210
93212
93215
93216
93217
93220
93222
93223
93224
93226
93228
93230
93233
93234
93235
93237
93238
93243
93244
93245
93246
93247
93248
93251
93253
93254
93255
93256
93258
93259
93260
93261
93262
93265
93266
93267
93269
93271
93272
93273
93276
93277
93278
93282
93283
93285
93287
93288
93289
93293
93294
93295
93297
93301
93304
93305
93306
93307
93308
93311
93312
93313
93315
93316
93317
93318
93320
93321
93322
93323
93324
93325
93328
93332
93334
93336
93337
93338
93339
93341
93342
93343
93344
93345
93346
93348
93352
93353
93354
93356
93357
93358
93361
93364
93366
93367
93370
93372
93374
93381
93382
93386
93389
93390
93393
93394
93395
93399
93401
93402
93403
93405
93406
93407
93408
93410
93411
93412
93413
93415
93418
93419
93420
93422
93423
93424
93425
93426
93428
93432
93433
93435
93436
93439
93440
93442
93443
93444
93447
93449
93452
93453
93455
93456
93458
93459
93460
93461
93462
93464
93469
93471
93472
93473
93474
93476
93477
93478
93479
93480
93481
93483
93484
93488
93490
93492
93493
93494
93495
93497
93498
93499
93500
93501
93502
93503
93504
93505
93506
93507
93509
93510
93511
93512
93513
93515
93516
93519
93520
93521
93522
93523
93525
93527
93528
93529
93530
93531
93532
93533
93535
93536
93537
93540
93542
93543
93544
93545
93547
93549
93551
93552
93553
93554
93558
93559
93560
93562
93563
93564
93565
93567
93568
93569
93572
93573
93574
93575
93576
93577
93579
93580
93581
93582
93586
93587
93588
93589
93590
93591
93592
93593
93594
93597
93598
93599
93600
93601
93602
93603
93604
93605
93606
93608
93610
93611
93613
93614
93615
93617
93618
93619
93622
93624
93625
93630
93633
93634
93639
93643
93644
93645
93646
93647
93648
93649
93651
93652
93654
93657
93659
93660
93662
93664
93665
93666
93674
93676
93677
93678
93680
93683
93686
93687
93688
93689
93690
93692
93693
93694
93695
93696
93697
93698
93700
93701
93704
93706
93708
93709
93710
93711
93713
93715
93716
93717
93718
93719
93720
93722
93723
93724
93725
93726
93727
93729
93730
93731
93734
93737
93741
93742
93743
93746
93747
93749
93752
93754
93757
93760
93762
93764
93769
93771
93773
93776
93777
93778
93781
93782
93784
93787
93789
93790
93794
93797
93800
93804
93805
93813
93814
93816
93819
93820
93821
93822
93824
93825
93826
93827
93829
93834
93836
93838
93840
93841
93842
93843
93844
93846
93849
93850
93851
93853
93854
93858
93859
93863
93864
93865
93866
93867
93869
93870
93871
93872
93873
93874
93875
93877
93878
93879
93880
93881
93883
93884
93886
93889
93893
93894
93896
93899
93902
93906
93912
93915
93916
93918
93919
93920
93921
93922
93924
93929
93930
93931
93932
93933
93934
93935
93936
93938
93939
93940
93942
93944
93945
93946
93947
93948
93950
93952
93953
93958
93960
93961
93963
93965
93966
93967
93968
93970
93972
93973
93974
93975
93976
93978
93979
93980
93981
93982
93984
93985
93988
93989
93997
93998
93999
94000
94001
94002
94003
94005
94007
94008
94010
94011
94012
94014
94015
94016
94017
94019
94020
94021
94028
94031
94032
94034
94036
94037
94039
94040
94045
94046
94047
94048
94049
94051
94052
94054
94057
94059
94063
94064
94065
94066
94069
94071
94072
94073
94074
94076
94077
94078
94080
94082
94083
94088
94092
94093
94099
94100
94102
94103
94104
94107
94109
94111
94113
94114
94117
94118
94119
94120
94121
94123
94124
94130
94134
94135
94136
94137
94138
94140
94141
94142
94146
94150
94152
94153
94154
94155
94158
94160
94161
94162
94165
94169
94171
94172
94174
94175
94176
94180
94182
94184
94186
94187
94188
94189
94190
94191
94193
94195
94197
94198
94199
94200
94201
94203
94206
94209
94210
94211
94212
94214
94215
94217
94221
94222
94223
94225
94227
94229
94230
94231
94233
94234
94235
94236
94238
94241
94243
94246
94249
94250
94252
94253
94258
94260
94261
94262
94263
94267
94270
94271
94272
94273
94274
94275
94277
94280
94281
94282
94284
94288
94289
94290
94291
94292
94293
94295
94296
94297
94299
94301
94305
94306
94308
94309
94311
94312
94314
94316
94318
94319
94320
94326
94327
94328
94330
94332
94336
94337
94342
94343
94344
94345
94347
94348
94350
94353
94354
94356
94357
94358
94359
94362
94363
94364
94365
94367
94369
94373
94375
94376
94377
94379
94380
94381
94382
94383
94384
94385
94386
94388
94390
94392
94393
94394
94396
94399
94400
94402
94404
94405
94407
94408
94411
94412
94414
94417
94418
94419
94420
94421
94422
94423
94424
94425
94428
94429
94432
94433
94435
94436
94441
94442
94443
94444
94450
94453
94456
94458
94461
94462
94466
94467
94468
94471
94472
94475
94476
94477
94478
94480
94481
94482
94483
94484
94485
94488
94492
94496
94498
94499
94500
94502
94504
94505
94506
94507
94508
94515
94516
94517
94519
94520
94521
94526
94528
94531
94532
94533
94536
94538
94540
94541
94542
94543
94544
94550
94552
94553
94554
94558
94560
94561
94562
94565
94566
94567
94569
94571
94572
94573
94574
94576
94577
94578
94580
94581
94582
94583
94586
94587
94588
94589
94590
94592
94594
94595
94597
94601
94603
94605
94606
94607
94608
94609
94611
94612
94613
94614
94616
94617
94620
94621
94622
94626
94629
94630
94631
94632
94633
94634
94635
94636
94637
94640
94642
94643
94644
94645
94646
94648
94649
94650
94651
94652
94653
94655
94656
94657
94658
94659
94660
94661
94662
94663
94664
94665
94667
94669
94670
94672
94673
94674
94675
94676
94677
94678
94679
94681
94682
94684
94685
94686
94687
94692
94698
94701
94702
94703
94704
94705
94708
94709
94710
94711
94712
94713
94716
94717
94718
94719
94720
94723
94724
94728
94729
94730
94735
94739
94742
94743
94744
94746
94747
94750
94751
94752
94753
94754
94755
94756
94757
94758
94762
94764
94769
94770
94774
94775
94776
94778
94779
94780
94782
94783
94784
94787
94789
94791
94794
94796
94797
94798
94799
94800
94803
94804
94806
94807
94811
94812
94814
94817
94819
94824
94825
94829
94830
94831
94834
94835
94836
94837
94839
94841
94842
94844
94845
94846
94848
94849
94851
94853
94855
94858
94859
94861
94862
94865
94867
94869
94871
94872
94875
94876
94877
94878
94880
94885
94886
94887
94890
94892
94893
94895
94896
94897
94898
94900
94903
94904
94908
94909
94910
94911
94913
94916
94917
94918
94919
94920
94921
94923
94925
94926
94927
94928
94929
94930
94931
94933
94934
94936
94937
94939
94947
94948
94950
94951
94953
94954
94956
94957
94959
94961
94962
94963
94964
94965
94968
94969
94972
94973
94974
94975
94976
94978
94979
94980
94981
94983
94985
94986
94988
94989
94991
94992
94994
94995
94997
94998
95000
95002
95003
95008
95011
95012
95016
95017
95018
95019
95021
95022
95026
95027
95028
95029
95030
95031
95033
95034
95036
95039
95041
95045
95046
95047
95048
95050
95052
95054
95055
95057
95061
95063
95066
95069
95070
95071
95072
95074
95076
95078
95081
95082
95084
95085
95087
95088
95089
95091
95093
95094
95095
95096
95097
95098
95099
95100
95101
95102
95103
95104
95105
95106
95107
95109
95110
95111
95112
95114
95117
95119
95127
95129
95130
95132
95133
95135
95136
95138
95139
95140
95142
95143
95144
95145
95146
95147
95148
95149
95151
95152
95153
95154
95156
95157
95158
95160
95161
95162
95165
95166
95167
95169
95171
95172
95173
95175
95178
95179
95181
95182
95183
95186
95187
95188
95189
95190
95191
95193
95194
95195
95196
95199
95200
95203
95204
95205
95206
95207
95211
95212
95216
95217
95218
95221
95222
95224
95226
95227
95233
95234
95235
95236
95238
95239
95243
95246
95248
95252
95253
95254
95255
95256
95257
95261
95262
95264
95265
95266
95269
95270
95271
95272
95273
95274
95275
95276
95278
95279
95280
95282
95283
95284
95288
95289
95290
95292
95293
95294
95295
95297
95299
95300
95305
95306
95307
95308
95309
95310
95315
95316
95317
95318
95319
95320
95322
95325
95326
95327
95328
95330
95333
95335
95336
95338
95341
95344
95345
95346
95347
95348
95350
95352
95355
95356
95358
95359
95360
95361
95362
95364
95365
95366
95368
95369
95370
95371
95373
95374
95375
95376
95378
95380
95381
95382
95384
95386
95387
95389
95391
95392
95393
95394
95395
95396
95398
95399
95400
95403
95404
95405
95406
95408
95409
95410
95412
95414
95415
95418
95419
95421
95422
95424
95425
95427
95428
95429
95430
95432
95434
95438
95439
95440
95442
95443
95446
95449
95450
95452
95453
95455
95456
95457
95458
95459
95460
95462
95463
95464
95468
95469
95472
95475
95476
95478
95480
95482
95484
95485
95486
95488
95489
95491
95493
95499
95501
95503
95504
95505
95506
95509
95511
95512
95513
95514
95515
95517
95519
95521
95522
95523
95524
95527
95528
95530
95531
95532
95533
95534
95535
95536
95537
95539
95541
95542
95543
95544
95546
95549
95550
95551
95552
95554
95556
95557
95561
95562
95565
95567
95569
95570
95571
95572
95574
95575
95576
95577
95580
95581
95582
95583
95584
95585
95586
95587
95588
95592
95593
95594
95595
95599
95600
95601
95605
95607
95609
95610
95611
95613
95614
95615
95618
95619
95621
95622
95623
95624
95625
95627
95628
95629
95630
95633
95634
95637
95641
95646
95648
95649
95651
95652
95653
95654
95657
95659
95660
95662
95663
95666
95667
95668
95669
95670
95672
95673
95674
95676
95677
95678
95679
95682
95684
95685
95686
95691
95692
95693
95694
95695
95696
95698
95699
95701
95702
95703
95704
95705
95707
95708
95709
95712
95715
95716
95717
95718
95719
95720
95722
95723
95724
95725
95727
95729
95730
95732
95733
95735
95736
95738
95742
95743
95744
95745
95746
95748
95749
95751
95752
95753
95758
95759
95760
95761
95762
95763
95764
95765
95766
95767
95770
95772
95773
95774
95775
95777
95779
95780
95781
95783
95785
95786
95787
95788
95789
95791
95792
95793
95794
95795
95800
95801
95803
95804
95805
95806
95808
95809
95811
95812
95814
95820
95821
95822
95825
95827
95829
95830
95831
95833
95836
95837
95838
95841
95842
95843
95844
95845
95846
95848
95850
95852
95854
95856
95858
95859
95860
95864
95865
95866
95867
95868
95870
95871
95872
95873
95874
95875
95880
95882
95885
95886
95887
95889
95891
95892
95896
95897
95898
95899
95901
95904
95905
95906
95907
95908
95911
95912
95913
95916
95919
95920
95924
95926
95928
95929
95934
95937
95938
95942
95944
95946
95947
95948
95950
95951
95952
95953
95955
95956
95957
95960
95961
95962
95964
95968
95969
95971
95972
95975
95978
95979
95980
95981
95982
95985
95987
95989
95990
95991
95992
95994
95996
95997
95998
95999
96000
96001
96002
96004
96007
96008
96009
96011
96012
96013
96014
96016
96018
96020
96022
96023
96024
96027
96028
96029
96030
96031
96034
96035
96036
96039
96041
96042
96043
96044
96046
96049
96050
96052
96053
96054
96057
96058
96059
96060
96062
96063
96064
96065
96066
96068
96069
96070
96071
96072
96074
96078
96079
96080
96082
96083
96084
96087
96088
96089
96090
96093
96094
96099
96101
96102
96103
96105
96106
96111
96112
96113
96114
96115
96116
96117
96118
96119
96122
96123
96124
96125
96126
96127
96128
96129
96130
96131
96132
96136
96137
96138
96139
96140
96144
96146
96147
96148
96150
96151
96154
96155
96156
96158
96159
96160
96161
96162
96163
96164
96166
96168
96169
96170
96171
96174
96175
96176
96177
96178
96180
96184
96185
96186
96187
96188
96189
96191
96195
96196
96197
96198
96200
96202
96204
96205
96206
96208
96209
96211
96212
96214
96215
96216
96218
96219
96220
96221
96223
96224
96226
96228
96230
96231
96232
96233
96234
96235
96237
96238
96240
96243
96244
96249
96250
96251
96253
96256
96260
96261
96262
96264
96265
96267
96268
96269
96270
96271
96272
96275
96276
96277
96279
96280
96281
96284
96288
96294
96295
96297
96299
96302
96305
96307
96308
96310
96312
96313
96314
96317
96319
96320
96322
96324
96326
96330
96332
96336
96337
96339
96340
96341
96342
96343
96344
96349
96352
96354
96356
96357
96358
96362
96363
96366
96370
96371
96375
96377
96379
96380
96381
96383
96384
96385
96386
96388
96389
96390
96391
96392
96393
96394
96396
96398
96399
96400
96401
96402
96403
96404
96406
96407
96408
96410
96411
96414
96417
96419
96420
96421
96423
96425
96427
96428
96429
96430
96431
96433
96434
96435
96438
96439
96440
96442
96444
96445
96446
96447
96448
96452
96453
96458
96460
96462
96463
96464
96465
96466
96469
96470
96472
96474
96475
96480
96481
96482
96483
96484
96487
96489
96491
96495
96497
96498
96499
96500
96502
96505
96506
96507
96510
96511
96512
96513
96515
96516
96517
96518
96520
96521
96522
96524
96525
96526
96527
96529
96531
96533
96535
96538
96540
96541
96542
96544
96548
96549
96551
96552
96553
96555
96559
96560
96561
96563
96565
96567
96568
96569
96571
96572
96574
96575
96576
96578
96579
96580
96581
96582
96583
96585
96586
96590
96591
96592
96593
96596
96597
96598
96600
96603
96606
96607
96611
96613
96614
96617
96620
96621
96623
96626
96628
96629
96631
96632
96633
96635
96637
96639
96644
96647
96650
96652
96653
96656
96659
96662
96665
96666
96668
96670
96671
96672
96674
96675
96678
96679
96681
96682
96683
96684
96686
96687
96689
96690
96691
96692
96693
96696
96698
96700
96702
96708
96711
96713
96715
96716
96717
96718
96721
96723
96724
96725
96729
96731
96732
96735
96736
96738
96739
96741
96742
96743
96744
96745
96746
96747
96748
96749
96750
96753
96754
96756
96762
96763
96764
96768
96769
96771
96772
96778
96780
96781
96782
96784
96786
96788
96791
96792
96794
96795
96798
96799
96801
96803
96804
96805
96808
96810
96811
96814
96815
96816
96818
96819
96820
96822
96823
96826
96827
96828
96829
96830
96831
96833
96834
96835
96836
96837
96838
96842
96843
96844
96846
96847
96849
96850
96851
96852
96853
96855
96862
96863
96864
96865
96867
96870
96871
96873
96874
96876
96877
96878
96879
96880
96881
96883
96884
96885
96891
96893
96894
96895
96897
96898
96899
96900
96901
96902
96904
96905
96906
96908
96910
96911
96913
96915
96917
96919
96920
96921
96922
96924
96925
96926
96928
96930
96931
96932
96933
96934
96939
96941
96942
96944
96945
96947
96948
96950
96951
96954
96955
96956
96957
96958
96959
96960
96961
96963
96965
96966
96968
96969
96970
96971
96972
96973
96974
96975
96977
96978
96979
96981
96982
96986
96988
96992
96993
96994
96995
96998
97000
97003
97004
97010
97012
97013
97015
97016
97018
97020
97021
97022
97023
97025
97028
97029
97036
97037
97038
97041
97042
97044
97045
97046
97050
97053
97055
97058
97059
97062
97064
97067
97068
97069
97070
97073
97074
97079
97080
97082
97083
97085
97086
97087
97089
97090
97092
97094
97095
97099
97100
97101
97102
97103
97104
97106
97108
97110
97111
97112
97114
97115
97116
97117
97119
97121
97123
97124
97125
97127
97128
97131
97134
97138
97139
97141
97143
97144
97145
97146
97147
97148
97149
97150
97151
97152
97153
97154
97155
97158
97166
97170
97173
97174
97175
97176
97177
97178
97179
97180
97185
97187
97188
97189
97190
97191
97196
97197
97200
97204
97208
97209
97210
97212
97213
97214
97215
97216
97218
97219
97221
97223
97224
97225
97226
97228
97229
97230
97231
97233
97234
97235
97236
97237
97238
97240
97241
97243
97244
97245
97247
97248
97252
97253
97255
97258
97259
97262
97263
97264
97265
97266
97268
97269
97273
97275
97276
97277
97282
97284
97285
97286
97287
97288
97289
97290
97291
97292
97293
97294
97295
97296
97297
97299
97300
97301
97305
97306
97308
97311
97312
97313
97314
97315
97316
97320
97322
97323
97324
97325
97326
97328
97329
97331
97332
97333
97335
97338
97340
97341
97345
97346
97348
97349
97350
97351
97353
97354
97355
97356
97357
97358
97362
97363
97365
97366
97369
97371
97374
97375
97376
97378
97380
97381
97383
97384
97385
97387
97388
97390
97391
97392
97394
97398
97399
97401
97406
97409
97410
97412
97413
97414
97422
97424
97425
97427
97428
97429
97430
97433
97435
97441
97442
97443
97445
97447
97449
97450
97455
97456
97458
97459
97460
97461
97462
97465
97466
97468
97469
97470
97471
97475
97477
97478
97482
97485
97487
97491
97492
97495
97496
97497
97498
97499
97500
97502
97503
97504
97505
97506
97507
97508
97511
97513
97514
97515
97518
97521
97526
97529
97531
97533
97534
97536
97539
97543
97545
97546
97547
97548
97549
97550
97551
97553
97555
97557
97558
97561
97562
97563
97564
97565
97567
97568
97573
97574
97578
97581
97585
97590
97591
97592
97593
97595
97596
97597
97598
97599
97602
97603
97604
97605
97607
97609
97612
97615
97618
97620
97621
97622
97627
97628
97629
97630
97632
97635
97636
97638
97639
97644
97646
97647
97648
97651
97653
97655
97656
97659
97660
97661
97662
97664
97665
97666
97667
97668
97669
97670
97671
97672
97674
97677
97678
97679
97680
97681
97682
97684
97690
97695
97696
97697
97698
97699
97701
97703
97704
97705
97706
97707
97709
97711
97715
97716
97719
97721
97722
97724
97725
97726
97728
97729
97730
97731
97732
97733
97735
97736
97740
97741
97743
97745
97746
97747
97748
97749
97750
97752
97753
97755
97759
97760
97761
97762
97764
97765
97766
97767
97769
97771
97772
97773
97774
97778
97779
97780
97781
97782
97783
97785
97786
97788
97791
97793
97795
97796
97797
97798
97799
97802
97803
97805
97807
97808
97809
97811
97812
97814
97818
97819
97821
97822
97824
97826
97830
97831
97832
97833
97834
97835
97843
97845
97847
97848
97850
97851
97852
97853
97854
97855
97856
97857
97859
97860
97861
97862
97863
97865
97866
97868
97869
97871
97872
97873
97874
97876
97877
97878
97879
97880
97882
97887
97889
97890
97893
97894
97896
97897
97898
97900
97901
97902
97904
97906
97907
97908
97909
97911
97912
97916
97917
97920
97924
97925
97928
97931
97932
97933
97934
97935
97937
97938
97939
97940
97942
97944
97945
97949
97951
97954
97955
97959
97960
97961
97962
97963
97964
97965
97967
97968
97970
97975
97976
97979
97980
97981
97983
97985
97987
97988
97991
97992
97993
97994
97996
97999
98000
98001
98003
98006
98007
98008
98009
98013
98020
98021
98022
98026
98028
98030
98031
98032
98033
98037
98041
98045
98046
98048
98050
98053
98054
98056
98059
98060
98061
98062
98063
98065
98066
98067
98069
98073
98077
98078
98081
98086
98088
98089
98091
98093
98094
98099
98102
98103
98105
98107
98108
98112
98113
98118
98120
98124
98127
98128
98129
98130
98132
98134
98135
98136
98138
98139
98140
98141
98144
98145
98147
98148
98149
98155
98156
98158
98160
98162
98164
98165
98166
98167
98168
98169
98172
98174
98176
98180
98181
98182
98183
98185
98186
98189
98190
98195
98196
98197
98198
98199
98202
98203
98204
98205
98206
98208
98209
98212
98213
98215
98216
98217
98218
98220
98221
98222
98228
98229
98232
98235
98237
98238
98239
98242
98246
98247
98248
98249
98252
98255
98256
98257
98258
98259
98260
98261
98262
98264
98265
98267
98269
98270
98271
98272
98274
98277
98280
98281
98282
98285
98289
98291
98292
98295
98296
98300
98302
98303
98306
98307
98313
98314
98318
98319
98320
98321
98323
98325
98326
98329
98330
98331
98333
98334
98335
98337
98339
98340
98341
98343
98344
98345
98346
98349
98353
98355
98356
98357
98358
98360
98362
98363
98365
98366
98367
98372
98374
98376
98379
98380
98381
98383
98384
98386
98388
98389
98392
98394
98396
98397
98400
98401
98404
98407
98409
98410
98411
98412
98413
98414
98415
98416
98419
98421
98425
98426
98427
98428
98429
98430
98432
98434
98436
98437
98438
98439
98441
98442
98444
98446
98447
98448
98449
98452
98454
98457
98458
98463
98464
98465
98468
98469
98470
98473
98474
98475
98478
98479
98480
98482
98484
98486
98487
98489
98490
98491
98494
98495
98496
98497
98501
98503
98505
98506
98508
98509
98510
98513
98515
98516
98517
98523
98524
98527
98532
98534
98535
98536
98543
98545
98546
98554
98557
98558
98561
98562
98563
98564
98566
98568
98571
98574
98577
98578
98580
98581
98586
98591
98592
98594
98595
98596
98598
98600
98601
98605
98606
98607
98608
98609
98612
98615
98616
98618
98619
98620
98622
98623
98625
98627
98630
98631
98632
98633
98634
98635
98639
98641
98642
98644
98646
98647
98652
98653
98654
98657
98658
98659
98662
98664
98671
98674
98676
98677
98678
98680
98681
98682
98683
98684
98686
98688
98689
98690
98691
98692
98693
98694
98695
98697
98699
98700
98701
98702
98703
98704
98705
98707
98708
98709
98710
98711
98712
98713
98718
98719
98720
98722
98727
98728
98730
98737
98738
98739
98740
98741
98742
98743
98744
98746
98747
98748
98750
98753
98754
98755
98757
98758
98759
98760
98761
98762
98763
98764
98765
98766
98770
98771
98773
98774
98776
98777
98778
98779
98781
98782
98784
98785
98786
98787
98789
98790
98792
98793
98794
98797
98798
98800
98801
98802
98803
98805
98806
98807
98808
98809
98810
98811
98813
98814
98815
98816
98817
98818
98820
98821
98826
98827
98830
98831
98833
98835
98836
98837
98839
98840
98842
98843
98845
98848
98849
98852
98857
98859
98860
98861
98864
98866
98867
98868
98870
98871
98874
98876
98877
98882
98883
98884
98887
98889
98890
98891
98892
98893
98894
98896
98897
98899
98902
98904
98906
98907
98910
98911
98913
98914
98917
98918
98920
98921
98922
98923
98924
98926
98927
98928
98929
98930
98933
98934
98935
98938
98940
98941
98942
98944
98950
98952
98953
98954
98956
98959
98962
98965
98966
98968
98971
98973
98974
98976
98977
98978
98981
98983
98984
98987
98988
98989
98990
98991
98992
98994
98995
98997
99000
99005
99009
99010
99013
99014
99015
99018
99021
99024
99025
99028
99030
99032
99034
99035
99036
99037
99038
99039
99041
99043
99045
99048
99049
99050
99051
99055
99056
99059
99061
99062
99064
99065
99067
99070
99071
99073
99074
99075
99078
99079
99080
99081
99085
99087
99088
99089
99090
99091
99092
99093
99096
99097
99100
99101
99102
99103
99104
99105
99106
99108
99110
99111
99113
99114
99117
99119
99120
99122
99123
99124
99129
99131
99133
99140
99142
99150
99151
99152
99153
99154
99156
99157
99160
99164
99165
99167
99169
99170
99172
99173
99177
99178
99179
99180
99181
99185
99186
99191
99192
99193
99194
99195
99196
99197
99198
99199
99200
99201
99202
99203
99204
99205
99206
99209
99210
99211
99212
99215
99217
99220
99222
99223
99224
99230
99231
99232
99233
99234
99235
99238
99239
99240
99243
99245
99246
99247
99249
99250
99252
99253
99254
99255
99256
99258
99259
99261
99262
99266
99268
99270
99272
99273
99274
99275
99280
99281
99282
99284
99285
99287
99289
99290
99294
99295
99296
99297
99298
99299
99300
99301
99303
99306
99307
99309
99310
99312
99313
99314
99315
99316
99317
99318
99320
99321
99323
99324
99325
99328
99330
99331
99332
99333
99334
99337
99338
99339
99340
99341
99344
99345
99346
99347
99349
99350
99355
99357
99358
99359
99360
99361
99362
99363
99364
99365
99366
99368
99369
99371
99372
99374
99375
99376
99377
99380
99381
99385
99386
99387
99388
99389
99390
99393
99394
99395
99396
99399
99400
99403
99404
99405
99406
99408
99409
99410
99414
99415
99416
99417
99421
99423
99425
99426
99430
99431
99433
99436
99437
99438
99440
99443
99444
99447
99449
99451
99452
99453
99454
99455
99456
99457
99458
99459
99460
99463
99467
99468
99471
99472
99473
99475
99476
99478
