20001
20002
20003
20004
20005
20007
20012
20014
20015
20018
20019
20020
20021
20025
20027
20029
20031
20032
20033
20034
20035
20037
20042
20044
20046
20047
20049
20051
20053
20054
20055
20056
20057
20060
20061
20063
20065
20069
20071
20073
20074
20075
20077
20078
20081
20082
20083
20089
20091
20092
20093
20097
20099
20101
20102
20103
20104
20105
20108
20109
20110
20112
20114
20115
20117
20120
20121
20122
20124
20125
20126
20127
20128
20131
20132
20133
20134
20135
20136
20137
20140
20143
20145
20147
20148
20151
20152
20155
20156
20158
20160
20162
20165
20166
20167
20168
20171
20172
20176
20178
20179
20181
20183
20184
20185
20187
20188
20189
20190
20192
20197
20200
20201
20202
20203
20207
20209
20210
20211
20212
20215
20216
20217
20218
20219
20221
20225
20230
20234
20237
20239
20242
20243
20244
20245
20247
20249
20250
20252
20254
20255
20257
20258
20262
20265
20266
20267
20268
20269
20273
20277
20278
20279
20280
20282
20284
20285
20287
20288
20289
20290
20294
20295
20299
20300
20303
20304
20306
20309
20310
20311
20312
20314
20315
20316
20317
20319
20321
20322
20324
20326
20327
20329
20330
20332
20333
20335
20337
20338
20340
20341
20342
20344
20345
20350
20352
20353
20354
20355
20357
20358
20361
20363
20364
20366
20367
20370
20372
20374
20375
20377
20380
20382
20387
20388
20389
20390
20391
20392
20393
20394
20395
20398
20400
20401
20402
20404
20405
20408
20409
20410
20411
20413
20415
20416
20417
20418
20420
20421
20425
20426
20430
20431
20435
20436
20437
20438
20441
20442
20444
20446
20449
20451
20453
20454
20455
20457
20458
20459
20460
20465
20466
20467
20469
20470
20471
20472
20473
20477
20478
20480
20481
20484
20485
20486
20488
20489
20494
20496
20497
20499
20504
20506
20507
20508
20509
20510
20511
20512
20513
20514
20517
20518
20519
20520
20521
20522
20524
20527
20528
20531
20534
20535
20536
20538
20543
20544
20547
20549
20550
20551
20552
20553
20555
20556
20557
20558
20559
20563
20564
20565
20566
20567
20568
20571
20575
20576
20578
20582
20583
20584
20585
20590
20595
20596
20598
20602
20604
20610
20613
20614
20616
20619
20620
20621
20622
20623
20624
20627
20628
20629
20631
20632
20633
20635
20636
20637
20638
20640
20641
20642
20643
20644
20647
20651
20652
20653
20654
20655
20656
20657
20659
20662
20663
20664
20665
20666
20668
20669
20671
20674
20675
20676
20677
20679
20681
20682
20685
20687
20688
20691
20692
20693
20694
20695
20696
20697
20700
20702
20703
20705
20707
20712
20713
20714
20715
20716
20719
20720
20721
20722
20723
20726
20727
20729
20731
20733
20735
20736
20738
20739
20740
20742
20743
20745
20746
20747
20748
20749
20750
20752
20753
20754
20756
20758
20759
20761
20762
20763
20765
20766
20768
20769
20770
20771
20772
20773
20774
20779
20781
20782
20785
20786
20789
20790
20792
20796
20802
20803
20804
20805
20806
20808
20809
20810
20812
20814
20815
20816
20817
20819
20822
20823
20824
20825
20826
20831
20833
20835
20837
20838
20839
20840
20841
20843
20844
20846
20853
20854
20855
20856
20858
20860
20861
20862
20863
20866
20870
20872
20874
20875
20876
20880
20881
20884
20885
20889
20891
20892
20893
20894
20897
20898
20901
20904
20905
20906
20907
20909
20910
20912
20914
20915
20916
20917
20918
20920
20923
20925
20926
20927
20928
20929
20932
20934
20937
20942
20944
20946
20947
20950
20952
20953
20958
20959
20962
20963
20964
20965
20966
20968
20972
20973
20974
20975
20976
20979
20981
20982
20983
20984
20986
20988
20990
20992
20994
20995
20996
20997
20998
20999
21004
21007
21008
21009
21011
21012
21013
21015
21017
21018
21022
21023
21027
21028
21029
21031
21033
21034
21035
21037
21040
21043
21044
21045
21046
21047
21048
21049
21053
21054
21055
21058
21059
21060
21061
21063
21064
21065
21066
21068
21071
21073
21074
21076
21077
21079
21080
21082
21083
21084
21085
21086
21087
21088
21091
21092
21093
21096
21097
21098
21099
21100
21101
21104
21105
21106
21108
21109
21110
21111
21112
21114
21115
21117
21121
21126
21127
21128
21130
21132
21133
21134
21137
21138
21140
21142
21143
21144
21147
21148
21150
21152
21153
21155
21157
21161
21163
21164
21166
21167
21169
21170
21171
21172
21173
21174
21175
21177
21178
21179
21180
21182
21184
21185
21186
21187
21188
21189
21191
21192
21193
21196
21199
21200
21202
21203
21204
21205
21206
21207
21209
21210
21212
21213
21214
21215
21216
21218
21221
21222
21223
21224
21227
21228
21229
21230
21231
21233
21234
21236
21238
21239
21241
21242
21243
21246
21247
21248
21251
21254
21257
21258
21260
21261
21262
21265
21266
21268
21272
21273
21275
21276
21278
21279
21280
21281
21283
21284
21285
21287
21289
21290
21294
21297
21298
21304
21308
21309
21310
21312
21313
21314
21315
21319
21320
21321
21323
21326
21328
21331
21336
21337
21338
21339
21340
21341
21342
21345
21346
21348
21349
21352
21353
21354
21355
21356
21358
21359
21361
21362
21363
21364
21365
21366
21369
21371
21372
21374
21375
21376
21378
21383
21384
21387
21388
21390
21392
21393
21394
21396
21397
21399
21401
21402
21404
21405
21408
21409
21411
21412
21413
21415
21419
21420
21422
21423
21424
21427
21428
21429
21433
21434
21435
21437
21438
21442
21443
21445
21447
21448
21450
21451
21452
21453
21455
21458
21461
21462
21463
21465
21466
21468
21469
21473
21475
21476
21477
21478
21479
21480
21481
21482
21483
21484
21485
21487
21488
21489
21490
21491
21492
21494
21498
21499
21501
21502
21503
21504
21505
21507
21510
21513
21514
21516
21518
21520
21523
21529
21535
21539
21540
21542
21547
21548
21549
21550
21557
21558
21559
21560
21562
21565
21567
21568
21569
21571
21572
21573
21576
21578
21580
21582
21584
21585
21587
21588
21589
21590
21591
21593
21594
21599
21600
21601
21603
21604
21605
21606
21610
21611
21612
21614
21615
21617
21618
21620
21621
21622
21623
21626
21627
21629
21630
21631
21632
21634
21635
21636
21637
21638
21639
21640
21641
21642
21643
21645
21646
21647
21648
21649
21650
21651
21652
21653
21654
21655
21656
21657
21659
21660
21661
21663
21670
21671
21672
21674
21677
21678
21679
21680
21681
21683
21685
21686
21687
21688
21689
21692
21693
21694
21695
21696
21698
21700
21702
21703
21706
21708
21709
21712
21717
21719
21720
21722
21724
21725
21727
21728
21731
21732
21734
21736
21737
21738
21739
21740
21741
21742
21743
21744
21746
21748
21751
21752
21755
21757
21758
21759
21760
21761
21765
21766
21767
21768
21770
21771
21774
21777
21778
21779
21783
21785
21786
21788
21789
21791
21792
21793
21794
21795
21796
21797
21800
21801
21803
21805
21806
21807
21808
21809
21810
21811
21812
21813
21814
21815
21818
21819
21823
21825
21826
21828
21830
21833
21836
21837
21838
21839
21851
21852
21853
21854
21856
21858
21859
21860
21861
21862
21863
21864
21866
21867
21869
21870
21872
21873
21874
21876
21877
21878
21881
21882
21883
21884
21885
21886
21888
21891
21894
21895
21897
21900
21904
21905
21910
21911
21916
21917
21918
21922
21929
21930
21936
21938
21939
21942
21943
21945
21946
21947
21951
21952
21953
21955
21956
21957
21958
21959
21961
21963
21964
21966
21967
21968
21973
21974
21975
21977
21978
21981
21982
21983
21984
21985
21987
21988
21989
21991
21992
21993
21995
21998
22005
22008
22011
22012
22013
22014
22015
22016
22017
22021
22022
22026
22028
22030
22031
22034
22036
22038
22039
22041
22042
22043
22044
22048
22049
22052
22053
22054
22056
22059
22064
22065
22070
22071
22073
22075
22076
22077
22078
22080
22082
22083
22084
22085
22086
22088
22089
22090
22092
22093
22094
22095
22098
22100
22105
22106
22107
22108
22110
22113
22115
22118
22119
22121
22122
22123
22125
22127
22128
22129
22130
22132
22136
22137
22138
22139
22140
22141
22142
22144
22146
22148
22149
22150
22151
22152
22153
22156
22161
22162
22163
22164
22167
22168
22169
22171
22175
22178
22185
22186
22187
22188
22189
22190
22191
22192
22193
22199
22201
22203
22205
22206
22207
22209
22210
22213
22215
22217
22218
22219
22223
22224
22226
22228
22229
22231
22232
22234
22235
22236
22238
22240
22241
22242
22243
22244
22246
22247
22248
22249
22250
22251
22252
22253
22254
22255
22256
22258
22261
22264
22266
22267
22269
22270
22271
22274
22276
22277
22279
22282
22283
22289
22290
22294
22295
22296
22297
22298
22300
22301
22302
22303
22304
22305
22308
22310
22311
22312
22318
22319
22320
22321
22323
22327
22328
22329
22330
22336
22338
22342
22345
22347
22349
22350
22352
22354
22355
22357
22359
22362
22365
22367
22369
22371
22373
22374
22375
22376
22378
22379
22381
22382
22385
22389
22390
22393
22394
22397
22399
22400
22401
22407
22408
22409
22410
22411
22413
22414
22416
22418
22419
22420
22421
22422
22424
22425
22427
22428
22429
22432
22433
22437
22439
22440
22442
22443
22447
22448
22449
22450
22451
22453
22455
22456
22458
22460
22462
22464
22465
22467
22469
22470
22477
22478
22483
22484
22485
22490
22491
22493
22495
22496
22497
22501
22502
22503
22504
22505
22510
22512
22514
22517
22519
22520
22521
22522
22523
22525
22526
22527
22529
22531
22533
22535
22537
22539
22540
22541
22542
22544
22545
22546
22547
22550
22553
22556
22557
22559
22560
22562
22564
22565
22566
22567
22570
22574
22575
22576
22580
22581
22583
22584
22585
22588
22589
22590
22592
22593
22596
22597
22600
22601
22602
22603
22605
22607
22609
22610
22613
22614
22616
22617
22618
22621
22622
22626
22627
22628
22629
22630
22632
22634
22637
22639
22642
22644
22645
22646
22647
22649
22652
22654
22655
22656
22657
22658
22662
22664
22666
22668
22669
22670
22673
22674
22675
22676
22677
22678
22681
22682
22683
22684
22688
22689
22690
22691
22693
22694
22695
22697
22698
22699
22700
22701
22702
22704
22706
22707
22708
22710
22711
22713
22714
22715
22716
22718
22719
22720
22721
22724
22725
22726
22728
22729
22732
22735
22740
22742
22744
22745
22746
22748
22752
22753
22754
22758
22759
22761
22763
22764
22765
22766
22767
22768
22770
22772
22774
22776
22777
22778
22779
22780
22781
22783
22784
22785
22786
22787
22788
22789
22790
22791
22792
22793
22796
22800
22801
22803
22805
22806
22807
22812
22814
22815
22817
22818
22821
22827
22830
22831
22833
22836
22837
22838
22842
22843
22845
22846
22848
22852
22853
22855
22857
22858
22861
22862
22863
22864
22865
22868
22869
22870
22871
22873
22874
22879
22880
22882
22885
22886
22887
22888
22889
22890
22894
22895
22896
22897
22900
22901
22903
22905
22906
22907
22908
22909
22910
22911
22915
22916
22918
22919
22925
22926
22927
22928
22929
22931
22933
22937
22938
22939
22940
22942
22943
22945
22946
22947
22948
22949
22950
22952
22953
22954
22956
22963
22966
22969
22971
22972
22976
22977
22981
22982
22984
22985
22990
22991
22993
22996
22998
22999
23003
23004
23005
23007
23009
23011
23012
23013
23014
23015
23016
23017
23018
23023
23025
23026
23027
23028
23029
23030
23031
23032
23033
23035
23039
23042
23043
23046
23047
23048
23050
23051
23053
23057
23058
23063
23066
23067
23068
23072
23074
23075
23076
23078
23079
23080
23082
23084
23085
23086
23087
23088
23089
23091
23093
23094
23099
23100
23101
23102
23105
23109
23114
23115
23116
23119
23121
23122
23124
23127
23128
23131
23132
23133
23134
23135
23136
23137
23139
23141
23142
23143
23145
23146
23149
23150
23152
23153
23154
23155
23158
23159
23160
23162
23163
23164
23167
23168
23172
23173
23174
23176
23177
23178
23179
23180
23185
23188
23189
23190
23191
23192
23194
23196
23197
23199
23201
23204
23205
23208
23209
23211
23212
23214
23215
23216
23218
23219
23221
23222
23223
23224
23225
23226
23227
23228
23229
23230
23231
23232
23233
23234
23235
23240
23242
23243
23245
23250
23252
23253
23256
23257
23258
23259
23264
23268
23270
23271
23273
23276
23277
23279
23280
23281
23283
23285
23286
23288
23289
23291
23293
23296
23297
23298
23301
23303
23304
23306
23310
23311
23312
23315
23318
23320
23321
23322
23323
23324
23327
23328
23329
23330
23332
23334
23335
23339
23340
23341
23342
23343
23345
23346
23347
23348
23350
23351
23352
23353
23358
23359
23360
23363
23364
23368
23369
23370
23371
23372
23373
23375
23379
23380
23382
23383
23387
23389
23390
23391
23392
23393
23394
23396
23397
23398
23400
23401
23402
23403
23404
23406
23408
23411
23412
23414
23415
23418
23421
23428
23429
23430
23431
23432
23433
23436
23437
23439
23440
23442
23443
23447
23450
23451
23452
23454
23455
23456
23457
23459
23460
23461
23462
23463
23467
23468
23469
23473
23476
23477
23478
23480
23481
23483
23484
23485
23487
23488
23489
23490
23491
23492
23493
23495
23496
23499
23501
23503
23504
23505
23511
23512
23514
23517
23519
23522
23523
23524
23525
23527
23528
23529
23532
23533
23535
23536
23537
23540
23541
23546
23550
23551
23552
23555
23556
23558
23560
23561
23562
23563
23565
23568
23569
23571
23572
23573
23574
23575
23576
23577
23578
23580
23582
23583
23584
23585
23586
23587
23588
23589
23590
23592
23593
23597
23599
23600
23601
23603
23605
23606
23607
23611
23612
23614
23619
23622
23623
23625
23626
23627
23630
23633
23634
23636
23637
23639
23640
23641
23642
23644
23645
23648
23650
23652
23655
23656
23657
23658
23659
23660
23662
23663
23664
23665
23666
23669
23670
23674
23677
23678
23682
23683
23685
23686
23687
23688
23689
23692
23694
23695
23696
23698
23699
23700
23701
23703
23705
23707
23708
23711
23716
23717
23718
23721
23723
23724
23725
23726
23728
23729
23730
23732
23733
23735
23737
23738
23739
23740
23741
23743
23745
23746
23747
23749
23750
23755
23756
23759
23761
23762
23763
23764
23765
23767
23769
23772
23775
23776
23779
23780
23781
23782
23783
23784
23786
23787
23788
23789
23790
23793
23796
23800
23801
23803
23804
23810
23813
23815
23817
23821
23824
23826
23828
23829
23835
23838
23839
23840
23844
23845
23846
23847
23848
23849
23852
23853
23855
23857
23858
23863
23865
23867
23868
23869
23870
23871
23873
23875
23877
23878
23879
23880
23881
23883
23884
23885
23886
23887
23888
23889
23891
23894
23895
23899
23907
23908
23909
23910
23913
23914
23915
23916
23917
23918
23919
23921
23924
23925
23926
23927
23928
23929
23930
23931
23938
23939
23940
23941
23943
23944
23945
23946
23947
23948
23949
23951
23953
23956
23957
23958
23960
23962
23963
23965
23967
23969
23971
23975
23979
23984
23985
23986
23988
23989
23992
23993
23995
23996
23997
23998
23999
24000
24002
24003
24009
24010
24012
24014
24015
24016
24017
24018
24019
24020
24022
24023
24025
24026
24027
24028
24029
24030
24031
24032
24034
24035
24037
24040
24041
24043
24045
24046
24050
24053
24054
24055
24056
24059
24060
24062
24065
24066
24075
24076
24078
24080
24083
24084
24085
24086
24088
24090
24092
24093
24095
24096
24097
24099
24100
24101
24103
24106
24107
24109
24110
24111
24113
24115
24116
24118
24120
24121
24123
24127
24128
24131
24134
24139
24140
24141
24144
24146
24149
24150
24153
24154
24155
24156
24159
24160
24161
24162
24163
24165
24166
24167
24172
24174
24176
24178
24179
24182
24183
24184
24186
24189
24191
24193
24194
24195
24196
24197
24198
24199
24201
24202
24203
24206
24208
24211
24212
24215
24216
24217
24219
24225
24226
24228
24229
24230
24231
24235
24238
24240
24241
24244
24245
24247
24248
24253
24254
24261
24265
24268
24269
24271
24273
24274
24275
24277
24280
24282
24283
24284
24285
24286
24288
24289
24291
24292
24293
24294
24295
24300
24302
24303
24304
24305
24306
24308
24309
24316
24317
24318
24319
24320
24322
24323
24324
24326
24327
24328
24329
24331
24332
24333
24335
24336
24337
24338
24339
24340
24342
24343
24347
24348
24349
24350
24352
24354
24355
24356
24357
24358
24361
24362
24363
24365
24367
24369
24371
24372
24375
24377
24380
24381
24384
24385
24386
24388
24389
24392
24395
24396
24397
24398
24399
24400
24403
24405
24407
24408
24409
24414
24418
24420
24421
24422
24423
24426
24427
24428
24429
24431
24432
24434
24435
24437
24438
24441
24442
24443
24444
24447
24449
24450
24451
24452
24453
24454
24458
24459
24460
24464
24465
24467
24471
24472
24475
24478
24479
24481
24482
24484
24485
24489
24490
24493
24495
24496
24497
24498
24499
24500
24501
24502
24503
24504
24507
24508
24509
24511
24512
24514
24515
24516
24517
24519
24520
24521
24522
24523
24525
24526
24527
24529
24530
24531
24532
24534
24535
24538
24539
24541
24542
24543
24544
24545
24548
24549
24550
24551
24552
24554
24555
24556
24559
24562
24564
24565
24567
24568
24569
24570
24572
24573
24574
24575
24578
24582
24584
24585
24586
24588
24589
24591
24594
24595
24596
24599
24600
24602
24603
24604
24606
24607
24610
24611
24612
24613
24614
24618
24619
24620
24621
24622
24628
24629
24633
24636
24638
24639
24640
24641
24642
24643
24644
24645
24646
24649
24650
24651
24654
24655
24656
24658
24659
24660
24661
24663
24666
24667
24669
24671
24675
24677
24678
24680
24683
24684
24686
24687
24689
24691
24692
24693
24695
24696
24697
24703
24705
24706
24712
24714
24715
24717
24719
24720
24721
24723
24724
24725
24727
24728
24729
24730
24731
24732
24735
24737
24747
24749
24752
24753
24757
24759
24760
24761
24763
24764
24765
24767
24769
24771
24772
24775
24776
24778
24785
24786
24788
24790
24792
24793
24795
24796
24798
24799
24800
24801
24803
24805
24806
24807
24808
24809
24810
24811
24812
24813
24816
24818
24822
24823
24824
24825
24828
24829
24831
24834
24835
24838
24839
24843
24845
24846
24849
24850
24851
24852
24853
24854
24855
24856
24858
24859
24862
24863
24864
24865
24866
24867
24868
24869
24871
24872
24874
24875
24876
24878
24881
24885
24886
24887
24888
24889
24891
24892
24893
24895
24896
24897
24898
24899
24902
24903
24908
24909
24910
24911
24912
24914
24916
24918
24919
24921
24922
24923
24924
24925
24928
24929
24931
24932
24933
24936
24938
24939
24941
24942
24944
24945
24946
24947
24948
24949
24951
24952
24954
24955
24956
24957
24958
24959
24961
24964
24966
24967
24969
24970
24971
24972
24973
24975
24977
24978
24979
24980
24981
24982
24984
24985
24987
24988
24990
24994
24996
24997
24998
25002
25004
25005
25006
25007
25010
25011
25012
25014
25015
25018
25019
25020
25022
25023
25026
25030
25034
25040
25041
25044
25046
25047
25048
25049
25050
25052
25053
25055
25056
25057
25058
25060
25062
25063
25064
25067
25068
25069
25070
25073
25074
25075
25076
25077
25079
25082
25083
25084
25085
25089
25090
25094
25097
25098
25099
25101
25106
25107
25109
25110
25115
25116
25117
25121
25122
25124
25126
25130
25131
25132
25134
25136
25138
25139
25141
25142
25143
25144
25147
25148
25149
25150
25152
25153
25154
25160
25161
25164
25168
25169
25171
25174
25176
25177
25178
25179
25181
25183
25184
25188
25191
25192
25193
25195
25196
25198
25199
25200
25202
25203
25207
25208
25210
25211
25213
25214
25216
25217
25219
25220
25221
25222
25223
25224
25226
25228
25231
25232
25233
25234
25235
25236
25237
25238
25239
25241
25242
25243
25244
25248
25250
25254
25255
25257
25258
25260
25261
25267
25268
25269
25270
25271
25275
25277
25278
25281
25282
25283
25286
25287
25288
25289
25291
25296
25297
25298
25300
25304
25307
25308
25309
25311
25316
25317
25318
25322
25323
25325
25329
25330
25333
25334
25335
25337
25338
25339
25341
25342
25345
25346
25347
25350
25351
25352
25354
25356
25359
25363
25364
25369
25370
25372
25373
25375
25376
25377
25380
25382
25384
25385
25386
25387
25388
25389
25390
25391
25393
25395
25396
25398
25403
25405
25406
25407
25410
25411
25412
25413
25414
25415
25417
25418
25419
25421
25422
25424
25425
25426
25430
25433
25435
25436
25437
25439
25440
25441
25444
25445
25446
25447
25450
25452
25453
25456
25458
25460
25461
25462
25463
25467
25468
25470
25471
25473
25474
25475
25476
25477
25480
25481
25483
25484
25486
25487
25488
25489
25495
25496
25500
25501
25504
25506
25507
25508
25509
25510
25512
25513
25515
25518
25520
25521
25522
25523
25524
25526
25527
25528
25529
25530
25532
25533
25534
25535
25539
25541
25542
25544
25546
25550
25551
25553
25557
25558
25560
25561
25562
25564
25566
25567
25570
25571
25573
25578
25582
25584
25585
25586
25587
25588
25591
25594
25595
25596
25597
25598
25599
25600
25601
25602
25603
25604
25606
25607
25608
25610
25613
25615
25616
25617
25618
25619
25620
25622
25623
25624
25625
25626
25628
25629
25632
25634
25635
25637
25639
25640
25641
25643
25645
25646
25647
25649
25650
25652
25655
25656
25657
25662
25665
25666
25668
25669
25670
25672
25673
25674
25677
25678
25679
25680
25683
25684
25686
25689
25690
25692
25697
25698
25699
25700
25702
25703
25704
25707
25708
25709
25711
25712
25715
25718
25719
25720
25721
25723
25724
25726
25727
25728
25729
25734
25735
25736
25737
25739
25740
25741
25742
25743
25746
25747
25753
25754
25756
25757
25760
25761
25762
25763
25764
25766
25767
25768
25769
25772
25774
25775
25777
25778
25781
25782
25784
25786
25787
25789
25790
25793
25794
25795
25797
25798
25799
25800
25803
25808
25809
25810
25812
25814
25816
25818
25819
25820
25821
25824
25828
25829
25831
25833
25834
25836
25838
25840
25841
25844
25851
25853
25855
25856
25857
25858
25859
25861
25862
25863
25865
25866
25867
25868
25870
25871
25872
25874
25877
25879
25880
25881
25883
25884
25886
25889
25890
25892
25893
25895
25896
25897
25898
25900
25901
25902
25903
25904
25905
25907
25908
25909
25913
25914
25915
25918
25920
25921
25923
25924
25925
25926
25927
25929
25930
25931
25932
25933
25934
25941
25942
25943
25946
25947
25948
25949
25950
25952
25956
25958
25959
25961
25962
25963
25964
25966
25969
25970
25972
25973
25976
25978
25980
25981
25983
25984
25985
25987
25988
25989
25991
25993
25995
25996
25997
25999
26001
26003
26010
26011
26016
26017
26018
26020
26021
26022
26023
26024
26025
26029
26030
26031
26032
26033
26035
26036
26041
26042
26043
26044
26045
26046
26048
26050
26051
26052
26053
26054
26056
26058
26059
26061
26062
26063
26065
26067
26068
26072
26073
26074
26075
26078
26079
26081
26082
26083
26085
26086
26087
26089
26090
26091
26092
26094
26097
26098
26100
26103
26104
26105
26107
26108
26110
26112
26113
26114
26115
26118
26119
26121
26124
26126
26127
26128
26129
26131
26132
26133
26135
26136
26137
26138
26142
26146
26147
26152
26154
26156
26158
26159
26162
26164
26166
26168
26169
26170
26172
26174
26175
26176
26177
26178
26179
26180
26182
26186
26187
26189
26191
26196
26197
26198
26199
26201
26203
26206
26207
26209
26211
26215
26216
26217
26218
26219
26220
26222
26223
26224
26226
26229
26230
26235
26236
26237
26241
26242
26244
26246
26247
26249
26252
26253
26255
26256
26257
26258
26262
26263
26264
26265
26266
26268
26269
26270
26273
26275
26277
26278
26281
26284
26289
26292
26295
26296
26297
26298
26299
26300
26301
26302
26303
26304
26307
26308
26311
26312
26313
26320
26321
26322
26323
26324
26326
26327
26328
26334
26335
26338
26339
26340
26341
26343
26344
26346
26348
26350
26351
26353
26354
26355
26356
26358
26359
26361
26363
26364
26367
26368
26371
26372
26373
26376
26377
26379
26380
26381
26382
26383
26384
26385
26386
26388
26389
26390
26392
26393
26394
26395
26396
26397
26398
26399
26402
26403
26406
26407
26408
26409
26410
26411
26412
26413
26414
26419
26420
26422
26423
26424
26425
26426
26429
26431
26432
26433
26434
26435
26437
26441
26443
26444
26446
26448
26451
26452
26453
26455
26456
26458
26459
26460
26462
26464
26465
26468
26469
26470
26471
26472
26473
26475
26479
26481
26482
26483
26485
26487
26488
26489
26490
26492
26494
26495
26497
26498
26499
26500
26504
26505
26507
26509
26510
26512
26515
26516
26517
26520
26522
26523
26524
26525
26531
26535
26536
26537
26538
26539
26541
26546
26547
26549
26550
26554
26556
26559
26560
26561
26562
26563
26565
26567
26568
26569
26573
26574
26575
26576
26577
26578
26579
26580
26581
26582
26583
26584
26586
26587
26588
26589
26591
26592
26593
26594
26595
26597
26600
26602
26603
26605
26606
26611
26612
26615
26616
26619
26621
26622
26623
26625
26626
26628
26630
26631
26633
26634
26638
26640
26642
26643
26644
26645
26649
26650
26651
26656
26658
26659
26660
26661
26662
26667
26668
26673
26674
26676
26678
26681
26682
26683
26684
26686
26687
26691
26692
26694
26695
26696
26703
26707
26708
26709
26711
26712
26713
26715
26716
26717
26718
26720
26721
26722
26723
26725
26726
26727
26730
26731
26733
26736
26737
26740
26741
26742
26745
26746
26747
26751
26752
26753
26754
26757
26758
26761
26762
26763
26764
26765
26768
26769
26770
26771
26772
26775
26779
26781
26783
26784
26785
26786
26789
26792
26793
26795
26796
26798
26799
26803
26805
26806
26807
26808
26811
26814
26818
26819
26821
26822
26823
26825
26829
26830
26834
26835
26837
26838
26839
26840
26842
26843
26845
26846
26847
26848
26854
26855
26857
26858
26859
26863
26864
26865
26866
26870
26874
26876
26877
26878
26880
26883
26884
26885
26889
26890
26893
26894
26895
26896
26898
26899
26901
26902
26906
26907
26910
26911
26913
26914
26915
26918
26922
26923
26927
26929
26933
26934
26936
26938
26940
26942
26943
26946
26947
26948
26950
26951
26953
26954
26956
26957
26959
26960
26963
26965
26967
26968
26971
26973
26975
26976
26979
26980
26981
26983
26985
26986
26987
26988
26989
26990
26991
26992
26994
26996
26997
26999
27000
27001
27004
27005
27006
27009
27010
27011
27014
27015
27017
27019
27020
27021
27022
27026
27030
27031
27034
27036
27037
27038
27041
27043
27044
27046
27047
27050
27052
27057
27058
27059
27061
27062
27063
27064
27066
27068
27071
27073
27075
27077
27079
27080
27081
27082
27083
27086
27087
27089
27090
27091
27092
27093
27094
27095
27096
27097
27098
27099
27100
27101
27104
27105
27106
27107
27108
27110
27111
27112
27113
27115
27117
27120
27121
27123
27124
27128
27129
27134
27138
27140
27142
27145
27146
27148
27149
27150
27151
27153
27154
27157
27159
27161
27163
27164
27165
27166
27167
27169
27171
27173
27175
27176
27178
27185
27187
27188
27190
27192
27194
27195
27196
27197
27199
27205
27206
27208
27209
27210
27211
27214
27215
27216
27219
27221
27222
27224
27225
27228
27231
27232
27235
27236
27237
27239
27241
27242
27244
27246
27247
27248
27249
27251
27252
27255
27258
27259
27260
27262
27263
27265
27268
27270
27271
27274
27275
27279
27280
27282
27283
27284
27285
27286
27288
27289
27291
27292
27293
27294
27295
27296
27298
27300
27301
27305
27306
27307
27308
27310
27311
27312
27313
27315
27316
27317
27322
27323
27324
27325
27327
27328
27329
27331
27332
27335
27336
27337
27338
27339
27340
27343
27347
27348
27350
27354
27356
27358
27361
27362
27363
27364
27365
27369
27372
27373
27375
27376
27378
27379
27381
27383
27385
27386
27389
27390
27391
27393
27394
27395
27396
27397
27398
27401
27402
27403
27405
27412
27414
27417
27418
27419
27421
27423
27424
27425
27426
27429
27430
27431
27433
27436
27439
27440
27441
27442
27444
27446
27447
27449
27451
27452
27457
27458
27461
27462
27463
27464
27467
27472
27475
27476
27477
27478
27479
27481
27482
27484
27486
27489
27494
27495
27499
27501
27502
27505
27506
27507
27509
27510
27512
27513
27515
27516
27517
27518
27519
27520
27521
27522
27524
27528
27529
27530
27531
27532
27535
27536
27537
27538
27542
27544
27546
27549
27550
27551
27552
27556
27558
27560
27561
27562
27563
27564
27565
27566
27571
27578
27579
27580
27581
27584
27585
27587
27588
27589
27590
27591
27592
27593
27595
27598
27599
27600
27601
27602
27604
27606
27609
27610
27611
27613
27615
27617
27618
27619
27620
27623
27624
27625
27626
27627
27628
27631
27632
27633
27634
27636
27639
27640
27641
27642
27644
27647
27648
27649
27651
27652
27653
27656
27657
27660
27662
27663
27665
27667
27668
27670
27672
27673
27674
27677
27679
27680
27682
27683
27684
27685
27686
27688
27689
27690
27691
27692
27695
27696
27698
27701
27702
27703
27705
27706
27709
27710
27711
27714
27715
27716
27719
27720
27721
27725
27726
27727
27728
27731
27735
27739
27740
27741
27744
27745
27746
27747
27750
27753
27756
27758
27759
27761
27763
27764
27767
27768
27769
27770
27772
27774
27775
27776
27778
27779
27781
27783
27784
27787
27788
27789
27794
27795
27799
27801
27802
27804
27805
27807
27808
27809
27810
27811
27813
27814
27815
27817
27818
27819
27820
27823
27824
27825
27828
27829
27831
27832
27833
27835
27836
27837
27839
27840
27841
27843
27849
27850
27851
27853
27855
27856
27858
27859
27860
27862
27864
27866
27867
27870
27871
27873
27875
27877
27879
27880
27883
27886
27888
27891
27893
27896
27898
27901
27903
27904
27905
27906
27910
27911
27914
27916
27918
27919
27920
27922
27924
27925
27927
27928
27931
27932
27935
27936
27938
27940
27941
27945
27946
27947
27949
27952
27958
27960
27962
27963
27964
27966
27967
27970
27972
27973
27974
27975
27976
27978
27980
27982
27983
27986
27988
27989
27990
27992
27993
27994
27998
27999
28000
28001
28003
28004
28005
28010
28012
28014
28019
28026
28027
28035
28037
28039
28040
28041
28042
28043
28045
28047
28048
28049
28051
28053
28054
28057
28058
28059
28061
28063
28064
28066
28067
28068
28069
28070
28071
28072
28073
28075
28080
28084
28088
28091
28092
28094
28095
28096
28097
28098
28100
28101
28102
28103
28104
28105
28107
28108
28112
28113
28115
28116
28117
28120
28121
28123
28124
28125
28127
28129
28130
28131
28132
28136
28137
28138
28142
28144
28147
28149
28152
28154
28156
28158
28160
28161
28162
28163
28164
28165
28166
28168
28169
28170
28174
28175
28176
28177
28180
28181
28182
28186
28187
28189
28190
28191
28197
28199
28200
28201
28205
28206
28207
28208
28209
28210
28211
28213
28214
28215
28217
28218
28219
28223
28224
28225
28226
28227
28228
28230
28231
28235
28236
28238
28241
28243
28245
28246
28247
28249
28254
28255
28257
28261
28262
28264
28267
28270
28271
28272
28273
28275
28276
28278
28279
28281
28282
28286
28287
28288
28289
28293
28295
28296
28297
28301
28303
28305
28306
28308
28309
28312
28313
28315
28317
28319
28322
28326
28328
28329
28330
28332
28334
28335
28336
28337
28338
28341
28343
28344
28345
28346
28348
28351
28353
28356
28357
28359
28362
28363
28365
28366
28367
28369
28370
28371
28376
28377
28378
28379
28380
28381
28382
28384
28385
28386
28387
28390
28393
28394
28395
28396
28398
28400
28401
28402
28405
28407
28409
28410
28411
28412
28413
28415
28417
28420
28422
28427
28429
28430
28432
28433
28434
28435
28436
28440
28441
28443
28444
28445
28447
28448
28451
28453
28456
28457
28458
28461
28462
28463
28464
28466
28467
28468
28469
28471
28472
28473
28476
28477
28478
28480
28481
28482
28488
28490
28491
28492
28493
28498
28499
28502
28503
28504
28505
28508
28510
28511
28512
28514
28515
28517
28519
28521
28522
28523
28524
28528
28531
28532
28534
28535
28537
28539
28540
28541
28542
28543
28544
28545
28546
28549
28550
28552
28554
28555
28556
28558
28560
28561
28562
28563
28564
28567
28568
28570
28571
28575
28576
28578
28582
28583
28585
28588
28589
28592
28594
28596
28597
28598
28599
28600
28601
28602
28603
28604
28605
28606
28608
28609
28610
28611
28614
28615
28617
28619
28620
28622
28623
28624
28633
28635
28637
28638
28639
28643
28644
28645
28646
28647
28648
28649
28650
28651
28653
28654
28655
28657
28659
28661
28663
28665
28667
28670
28674
28676
28678
28679
28680
28681
28682
28683
28684
28686
28687
28689
28690
28691
28692
28693
28694
28695
28696
28697
28698
28699
28700
28701
28703
28705
28706
28710
28711
28712
28713
28714
28715
28716
28723
28726
28727
28728
28729
28730
28732
28734
28737
28739
28740
28741
28742
28744
28745
28749
28750
28755
28756
28757
28758
28759
28762
28764
28767
28769
28772
28774
28776
28777
28780
28781
28782
28783
28784
28786
28791
28792
28797
28798
28800
28801
28805
28806
28809
28813
28814
28815
28817
28819
28820
28821
28822
28825
28826
28831
28834
28836
28837
28838
28839
28841
28843
28846
28847
28848
28850
28851
28853
28855
28860
28861
28862
28863
28865
28866
28867
28868
28869
28874
28875
28876
28877
28878
28880
28881
28882
28883
28885
28886
28888
28889
28890
28892
28893
28895
28897
28899
28900
28903
28905
28907
28909
28911
28913
28914
28915
28916
28920
28922
28924
28927
28928
28931
28932
28934
28935
28937
28938
28939
28940
28941
28943
28944
28945
28947
28948
28949
28950
28955
28956
28957
28961
28962
28963
28965
28967
28969
28971
28974
28975
28976
28979
28980
28981
28982
28984
28986
28987
28988
28989
28990
28991
28992
28993
28996
28997
28998
29000
29001
29002
29003
29004
29005
29006
29016
29017
29018
29019
29020
29021
29022
29025
29027
29030
29032
29033
29034
29036
29039
29040
29042
29043
29044
29046
29047
29049
29052
29053
29054
29055
29056
29061
29062
29064
29065
29068
29070
29072
29074
29076
29077
29082
29083
29085
29086
29088
29089
29090
29091
29093
29094
29096
29097
29098
29100
29101
29105
29106
29107
29109
29110
29112
29113
29114
29115
29116
29117
29120
29128
29129
29130
29131
29136
29137
29138
29139
29142
29143
29146
29147
29149
29151
29153
29154
29155
29156
29157
29158
29162
29163
29164
29165
29167
29168
29170
29171
29172
29173
29174
29177
29180
29184
29187
29188
29191
29193
29194
29196
29197
29202
29204
29206
29208
29211
29212
29215
29216
29217
29218
29219
29222
29223
29225
29227
29228
29230
29231
29233
29237
29240
29241
29242
29246
29247
29249
29251
29253
29255
29257
29258
29260
29262
29263
29265
29267
29269
29270
29272
29273
29274
29277
29278
29279
29280
29283
29284
29285
29286
29287
29292
29295
29298
29299
29300
29301
29302
29303
29304
29305
29306
29311
29312
29314
29316
29317
29318
29319
29320
29321
29322
29323
29325
29326
29327
29328
29329
29330
29331
29334
29335
29336
29339
29341
29342
29344
29345
29346
29347
29350
29351
29352
29354
29355
29356
29358
29359
29360
29361
29362
29366
29367
29368
29370
29373
29376
29379
29381
29383
29385
29386
29392
29393
29394
29396
29398
29400
29401
29402
29403
29406
29409
29411
29414
29417
29419
29421
29422
29423
29424
29428
29431
29436
29438
29439
29441
29442
29444
29446
29448
29449
29451
29452
29454
29455
29456
29457
29458
29461
29466
29468
29472
29474
29477
29481
29482
29484
29487
29488
29489
29490
29491
29492
29493
29497
29498
29499
29500
29502
29504
29505
29506
29507
29509
29510
29512
29513
29514
29517
29519
29520
29521
29524
29525
29526
29527
29528
29529
29530
29532
29533
29537
29539
29541
29543
29544
29548
29549
29550
29552
29553
29554
29555
29556
29557
29558
29560
29564
29565
29566
29567
29570
29571
29572
29573
29577
29578
29580
29583
29585
29586
29588
29589
29593
29594
29599
29603
29604
29605
29606
29607
29608
29609
29614
29616
29620
29621
29623
29626
29627
29628
29630
29631
29633
29635
29636
29638
29641
29642
29644
29645
29646
29647
29648
29649
29650
29651
29653
29654
29655
29656
29661
29662
29663
29665
29669
29671
29672
29673
29674
29675
29680
29681
29683
29686
29687
29688
29689
29691
29692
29693
29694
29695
29697
29699
29702
29704
29705
29706
29707
29708
29709
29710
29711
29712
29715
29716
29721
29722
29723
29724
29726
29731
29732
29733
29735
29742
29743
29746
29747
29749
29750
29753
29754
29755
29756
29758
29761
29762
29763
29764
29765
29767
29771
29772
29773
29776
29778
29780
29781
29786
29788
29789
29790
29792
29794
29796
29799
29800
29802
29803
29810
29811
29812
29814
29816
29817
29820
29824
29826
29828
29829
29831
29832
29834
29836
29837
29842
29843
29844
29849
29850
29851
29852
29853
29855
29858
29863
29866
29867
29868
29869
29871
29872
29873
29876
29879
29880
29882
29883
29884
29885
29888
29889
29890
29891
29893
29898
29901
29902
29904
29906
29909
29911
29913
29914
29915
29916
29917
29919
29921
29924
29926
29927
29928
29931
29933
29938
29939
29940
29942
29943
29944
29945
29946
29947
29949
29950
29952
29953
29955
29957
29958
29959
29960
29962
29963
29964
29966
29968
29969
29971
29973
29974
29976
29979
29984
29986
29987
29988
29989
29990
29991
29992
29993
29994
29995
29996
29997
29998
29999
